0.292068	0.200000	-315.126544	19.299006
0.626633	0.200000	-349.923363	-7.059016
0.952806	0.200000	-723.609743	10.490402
1.278671	0.200000	-371.813228	16.517206
1.604931	0.200000	-180.752037	2.907087
1.937807	0.200000	-828.683830	12.400573
2.263729	0.200000	-292.881192	14.404882
2.589651	0.200000	-127.251076	2.143091
2.915882	0.200000	-860.828160	10.724438
3.244790	0.200000	-227.977265	8.224674
3.571772	0.200000	-132.843179	1.683643
3.898267	0.200000	-849.725993	8.991294
4.224921	0.200000	-176.212726	8.525096
4.554859	0.200000	-203.202483	1.787910
4.881872	0.200000	-686.105747	15.102489
5.208169	0.200000	-198.485423	9.071931
5.533775	0.200000	-345.315696	1.942435
5.862877	0.200000	-457.458523	17.722640
6.189565	0.200000	-176.486178	-4.091533
6.515861	0.200000	-583.725169	9.010047
6.841824	0.200000	-277.759278	18.429248
7.170874	0.200000	-69.087751	-0.604597
7.496870	0.200000	-765.912831	10.741691
7.823005	0.200000	-162.362364	16.915517
8.149384	0.200000	-7.014058	1.842669
8.480268	0.200000	-836.928420	10.955849
8.805895	0.200000	-107.507812	9.529127
9.132929	0.200000	-2.160278	-0.419317
9.460048	0.200000	-829.859675	9.910937
9.788116	0.200000	-80.107882	8.280183
10.113902	0.200000	-69.087754	0.842760
10.440948	0.232601	-728.586577	9.033675
10.767129	0.265220	-91.223721	9.363727
11.094937	0.298000	-193.344526	1.307459
11.422955	0.330802	-520.571337	17.688510
11.750048	0.363511	-128.085103	2.886459
12.076058	0.396112	-400.771842	1.117303
12.404237	0.428930	-287.836000	18.260473
12.730992	0.461606	-49.043690	-3.989141
13.057631	0.494270	-627.846713	9.941317
13.384051	0.526912	-131.667334	17.641253
13.713114	0.559818	48.291689	1.175813
14.039192	0.592426	-765.160836	10.221485
14.365054	0.625012	-43.916458	15.795970
14.693140	0.657821	83.826828	-0.638727
15.025165	0.691023	-793.818648	9.734284
15.351296	0.723636	3.691604	8.270431
15.677104	0.756217	55.374105	0.152274
16.005243	0.789031	-724.963332	9.223455
16.335258	0.822032	3.732622	8.639864
16.661627	0.854669	-55.086993	0.471075
16.988286	0.887335	-555.313463	16.445570
17.315471	0.920054	-42.289415	8.456835
17.644397	0.952946	-242.839410	0.579092
17.971209	0.985628	-295.123507	17.365961
18.298822	1.018389	-19.401450	-3.053365
18.625393	1.051046	-481.481316	8.908781
18.954409	1.083948	-92.467934	18.954328
19.281286	1.116635	90.663137	-0.901644
19.607656	1.149272	-660.961797	9.967946
19.934371	1.181944	18.211925	17.808154
20.263346	1.214841	155.088521	-0.707363
20.589817	1.247488	-726.877498	10.287495
20.916478	1.280154	76.429941	9.172822
21.242398	1.312746	162.786205	-2.086084
21.573365	1.345843	-690.795453	9.677276
21.899830	1.378490	88.065340	7.917501
22.225280	1.411035	83.867842	-0.013502
22.551541	1.443661	-565.239784	10.177603
22.881546	1.476661	56.344863	9.283089
23.207862	1.509293	-63.851144	0.046882
23.534518	1.541958	-325.955264	18.257472
23.861515	1.574658	23.393851	0.651104
24.190705	1.607577	-293.346067	2.931464
24.516513	1.640158	-86.041804	19.440402
24.843459	1.672853	111.513882	-3.315533
25.171580	1.705665	-515.485120	10.018579
25.500633	1.738570	72.519570	18.637405
25.826529	1.771159	206.292481	1.408349
26.152668	1.803773	-621.570977	10.437519
26.478623	1.836369	143.152324	14.841823
26.806852	1.869192	240.938899	-3.910754
27.134567	1.901963	-626.547810	9.687027
27.461856	1.934692	164.686700	8.004515
27.787714	1.967278	213.949147	-1.945437
28.117663	2.000273	-534.640458	8.707374
28.444489	2.032955	153.229045	8.720501
28.771662	2.065673	98.251437	-1.467235
29.098458	2.098352	-344.194537	18.536140
29.428712	2.131378	87.121930	6.236112
29.754785	2.163985	-92.932806	-1.365969
30.081801	2.196687	-81.201697	18.332859
30.408652	2.229372	127.989390	-4.076906
30.737729	2.262280	-341.678775	8.852147
31.063756	2.294882	100.261314	19.761451
31.389591	2.327466	235.004981	-0.444446
31.716782	2.360185	-495.509420	9.709906
32.045830	2.393090	192.934331	18.763799
32.371851	2.425692	295.383269	-0.882891
32.699734	2.458480	-542.201416	10.177603
33.027114	2.491218	227.197916	9.038926
33.359949	2.524501	294.480876	-2.805450
33.685737	2.557080	-483.327114	9.382105
34.012845	2.589791	230.178547	8.097904
34.338948	2.622401	220.115496	-1.548248
34.667990	2.655306	-327.732700	15.015850
34.993804	2.687887	173.806338	9.055054
35.321109	2.720618	73.681738	-1.292832
35.647610	2.753268	-92.044083	19.009837
35.976948	2.786201	154.022058	-2.188851
36.303373	2.818844	-152.504407	6.274368
36.629906	2.851497	119.443998	20.627083
36.956707	2.884177	250.591768	-3.329035
37.288973	2.917404	-355.091612	9.923689
37.615032	2.950010	242.593285	18.038814
37.941039	2.982611	347.175152	0.326677
38.267102	3.015217	-427.118972	10.374134
38.596553	3.048162	291.760025	10.865460
38.923091	3.080816	372.127682	-3.195138
39.249110	3.113418	-418.505222	9.643895
39.576016	3.146108	301.289841	7.526690
39.906375	3.179144	326.761929	-1.725276
40.233040	3.211811	-305.049822	9.174697
40.560162	3.244523	263.553411	8.998795
40.887093	3.277216	220.347930	-1.681019
41.217272	3.310234	-82.145105	19.783204
41.543121	3.342819	206.087393	2.631044
41.870344	3.375541	24.761107	-1.812290
42.196173	3.408124	135.345255	18.923199
42.525327	3.441039	275.872442	-3.965513
42.853184	3.473825	-193.453900	9.930815
43.180708	3.506577	291.349845	19.078847
43.507601	3.539267	386.128444	-0.727617
43.837270	3.572234	-316.097298	10.231237
44.164244	3.604931	356.869039	16.526582
44.490172	3.637524	438.521922	-1.584629
44.816390	3.670146	-336.155031	10.015203
45.147403	3.703247	371.498742	8.177792
45.474476	3.735954	428.486219	-2.133342
45.801585	3.768665	-260.654825	9.172447
46.129313	3.801438	347.489622	7.922377
46.461321	3.834639	334.377577	-1.975067
46.787439	3.867250	-64.972293	19.282503
47.116975	3.900204	276.063859	6.636675
47.443248	3.932831	174.886470	-1.949187
47.773539	3.965861	190.391221	19.263750
48.099515	3.998458	309.766866	-3.977890
48.426388	4.031145	-47.320941	9.035926
48.753405	4.063847	345.520763	19.759201
49.082500	4.096757	423.919564	-1.341215
49.409773	4.129484	-191.526059	10.644551
49.736389	4.162146	424.876648	18.860564
50.062857	4.194792	495.892232	-0.943276
50.392548	4.227761	-225.858006	10.112718
50.719749	4.260482	443.375702	8.592231
51.046723	4.293179	515.293679	-2.997106
51.373444	4.325851	-173.013331	9.454116
51.701840	4.358691	432.615350	7.969259
52.028503	4.391357	467.726635	-2.803950
52.356247	4.424131	-24.829480	15.318522
52.683575	4.456864	371.156927	9.038176
53.012554	4.489762	340.489238	-2.403761
53.339498	4.522456	212.786973	20.701719
53.665571	4.555064	351.304284	-1.596256
53.991592	4.587666	151.041424	4.718998
54.321577	4.620664	401.537485	20.727598
54.648141	4.653321	453.124279	-3.070618
54.974648	4.685971	-16.133693	10.407889
55.301664	4.718673	498.531048	19.114478
55.631633	4.751670	549.885406	0.165026
55.958833	4.784390	-64.261313	11.491432
56.284839	4.816990	527.038459	10.814077
56.611746	4.849681	601.034675	-3.593827
56.942907	4.882797	-27.974180	9.574885
57.269761	4.915483	514.227215	7.414547
57.596882	4.948195	588.701972	-0.566716
57.923820	4.980889	73.791127	9.898185
58.252859	5.013793	467.138714	9.150318
58.579753	5.046482	510.221136	-0.811255
58.907010	5.079208	264.141334	19.793706
59.233708	5.111877	411.641554	2.447264
59.562976	5.144804	350.730031	-0.793252
59.888724	5.177379	463.351397	20.377670
60.214947	5.200000	480.182393	-4.361202
60.541041	5.200000	183.842041	9.834800
60.870840	5.200000	577.134936	20.020616
61.197458	5.200000	585.160763	0.408065
61.523743	5.200000	90.075217	10.839206
61.850018	5.200000	605.327878	19.225870
62.178891	5.200000	654.426253	-3.279902
62.504988	5.200000	74.884937	10.269118
62.831840	5.200000	590.438395	8.059273
63.157847	5.200000	682.550831	-1.895179
63.487398	5.200000	135.905838	8.707749
63.813891	5.200000	555.846668	7.846240
64.140945	5.200000	639.372699	-2.048203
64.467927	5.200000	264.496823	17.081292
64.797218	5.200000	478.678406	8.183418
65.122806	5.200000	525.548142	-1.955563
65.449114	5.200000	458.101112	20.168388
65.774935	5.200000	473.687900	-2.734189
66.103036	5.200000	351.482027	6.707186
66.429010	5.200000	599.776793	21.282682
66.755062	5.200000	567.673483	-1.984443
67.082223	5.200000	209.245768	9.718157
67.411081	5.200000	657.625646	20.077249
67.737973	5.200000	658.117860	0.448197
68.064130	5.200000	157.180434	11.173383
68.390205	5.200000	649.654509	10.664429
68.720092	5.200000	717.457028	-4.033024
69.046919	5.200000	166.778613	9.507749
69.373116	5.200000	613.955300	7.573197
69.699201	5.200000	716.089766	-3.027861
70.030199	5.200000	255.937764	9.571884
70.357303	5.200000	549.981114	8.291059
70.683041	5.200000	642.421692	-2.648675
71.011229	5.200000	423.099207	19.684189
71.341750	5.200000	483.190371	1.121429
71.668195	5.200000	485.897547	-2.054954
71.994151	5.200000	601.950740	20.141384
72.321523	5.200000	543.746400	-3.150506
72.650529	5.200000	313.937015	9.899685
72.977389	5.200000	690.822766	20.356292
73.304339	5.200000	649.285348	1.613507
73.632367	5.200000	226.692032	10.859084
73.961292	5.200000	687.869480	17.437596
74.288222	5.200000	722.871385	-2.927345
74.614256	5.200000	214.113222	10.723688
74.940518	5.200000	653.619568	7.874744
75.268340	5.200000	751.501850	-2.696308
75.594832	5.200000	264.414789	8.858148
75.921597	5.200000	599.421305	7.563071
76.247917	5.200000	714.831884	-2.793448
76.576399	5.200000	391.269350	17.567742
76.902885	5.200000	521.295960	8.006765
77.229479	5.200000	606.025180	-2.760068
77.555749	5.200000	561.137971	19.504162
77.886402	5.200000	525.343055	-1.783411
78.212421	5.200000	426.599398	7.681964
78.538414	5.200000	691.150908	21.052772
78.865523	5.200000	621.803383	0.084013
79.194496	5.200000	296.121593	10.144973
79.521540	5.200000	725.154712	19.962857
79.848138	5.200000	708.897967	0.667606
80.174543	5.200000	249.101455	11.100247
80.502553	5.200000	698.274343	9.403858
80.828419	5.200000	769.973558	-4.487222
81.155844	5.200000	264.647224	10.026080
81.482756	5.200000	651.910491	7.492935
81.811745	5.200000	760.621486	-3.350413
82.138632	5.200000	332.559123	10.577415
82.465917	5.200000	581.728936	8.646990
82.791804	5.200000	689.441830	-3.273901
83.122648	5.200000	511.725126	18.753673
83.449595	5.200000	525.274693	0.748619
83.775746	5.200000	532.234054	-2.755942
84.101739	5.200000	665.036205	20.110254
84.430684	5.200000	592.038091	-2.366255
84.757908	5.200000	365.496463	9.739160
85.083900	5.200000	745.786695	20.479685
85.409775	5.200000	689.346122	2.029073
85.740975	5.200000	284.117033	11.179009
86.068875	5.200000	736.420950	17.266195
86.394606	5.200000	767.129653	-3.324159
86.722739	5.200000	275.038414	10.250365
87.053590	5.200000	689.592229	7.766352
87.379960	5.200000	794.652636	-4.065654
87.706268	5.200000	335.580773	9.259460
88.033059	5.200000	631.469925	7.593825
88.363970	5.200000	741.917343	-3.846618
88.689756	5.200000	474.070733	18.709041
89.016860	5.200000	548.750580	6.463023
89.344037	5.200000	623.526133	-3.654212
89.673030	5.200000	648.355610	20.097502
89.998827	5.200000	571.378764	-1.888428
90.325902	5.200000	454.806012	8.663493
90.652089	5.200000	751.132689	21.212171
90.982015	5.200000	674.019116	1.307458
91.309993	5.200000	337.139451	10.452146
91.636042	5.200000	766.076862	20.109879
91.961897	5.200000	757.449438	0.191656
92.291937	5.200000	306.881945	11.135877
92.620111	5.200000	727.670474	8.852897
92.946736	5.200000	811.046106	-5.102697
93.273180	5.200000	333.324791	9.326221
93.602195	5.200000	673.280794	7.196263
93.928032	5.200000	796.252332	-4.117787
94.254135	5.200000	426.681435	13.644639
94.582956	5.200000	597.684883	8.681120
94.912258	5.200000	704.153568	-3.859746
95.238164	5.200000	601.130383	18.317481
95.565136	5.200000	560.864521	-0.070511
95.892098	5.200000	548.231019	1.649885
96.221359	5.200000	743.270932	21.757504
96.547570	5.200000	648.177866	-1.410226
96.874205	5.200000	402.453554	9.461617
97.200322	5.200000	788.404249	20.901624
97.530175	5.200000	745.964438	1.660765
97.858228	5.200000	336.811309	11.024860
98.185440	5.200000	764.149022	12.502213
98.512374	5.200000	808.051802	-5.077943
98.842080	5.200000	333.734970	9.875681
99.173142	5.200000	708.583497	7.308031
99.501061	5.200000	820.753665	-4.502224
99.827287	5.200000	412.817399	9.705405
100.155502	5.200000	636.884282	8.300436
100.483527	5.200000	756.492355	-4.220179
100.810553	5.200000	568.863002	18.854938
101.137276	5.200000	570.025176	2.295740
101.466304	5.200000	607.296734	-4.866409
101.792502	5.200000	719.234468	19.596051
102.119270	5.200000	625.618044	-1.653265
102.446545	5.200000	450.799935	9.518626
102.777395	5.200000	799.082564	20.574200
103.103600	5.200000	731.936331	1.535870
103.430521	5.200000	355.993994	10.884213
103.757863	5.200000	785.259546	19.056719
104.086467	5.200000	805.125861	-1.629261
104.412313	5.200000	340.899422	10.422516
104.739366	5.200000	741.261057	7.863118
105.065639	5.200000	838.405017	-5.215965
105.396040	5.200000	388.808280	9.387355
105.722294	5.200000	678.708824	7.829362
106.049538	5.200000	802.172576	-4.337948
106.375521	5.200000	501.224555	17.230190
106.704774	5.200000	594.690580	6.655804
107.032651	5.200000	693.051402	-4.599365
107.359775	5.200000	680.855426	19.111477
107.685564	5.200000	597.643866	-1.128556
108.014623	5.200000	522.335079	7.861617
108.341491	5.200000	787.706945	21.996790
108.668533	5.200000	696.332830	0.347680
108.994667	5.200000	400.183899	10.461147
109.323580	5.200000	807.477552	20.942506
109.649709	5.200000	785.204855	1.517117
109.975666	5.200000	356.431518	11.370663
110.302724	5.200000	776.809867	9.693028
110.634080	5.200000	842.875963	-4.894538
110.960716	5.200000	374.725482	9.866305
111.286652	5.200000	719.535265	7.326784
111.613590	5.200000	838.514398	-4.987178
111.941691	5.200000	459.605103	11.518061
112.268755	5.200000	643.269396	8.319189
112.595122	5.200000	769.235236	-4.652999
112.922074	5.200000	616.457389	18.484757
113.250713	5.200000	589.672729	0.944401
113.577677	5.200000	623.703877	-2.922845
113.903716	5.200000	759.828474	19.934727
114.230643	5.200000	653.728949	-1.673143
114.559706	5.200000	467.330132	9.596638
114.885842	5.200000	824.089785	20.989763
115.212924	5.200000	755.480581	1.634136
115.538701	5.200000	395.480518	10.909717
115.866941	5.200000	809.665171	18.214339
116.193070	5.200000	829.189671	-2.355753
116.520303	5.200000	382.901709	10.169352
116.847483	5.200000	761.660605	7.365790
117.177888	5.200000	862.769624	-5.660788
117.503968	5.200000	435.855763	9.180323
117.831056	5.200000	693.844414	7.512063
118.158900	5.200000	827.289177	-5.113949
118.486965	5.200000	565.403830	17.693386
118.813107	5.200000	613.627158	6.890965
119.138932	5.200000	728.080652	-4.740388
119.465252	5.200000	718.537164	18.258222
119.794076	5.200000	624.401182	-1.200942
120.120053	5.200000	573.771473	7.709718
120.447978	5.200000	823.857350	21.611232
120.774353	5.200000	716.226491	0.916646
121.103122	5.200000	451.592948	10.214734
121.430063	5.200000	839.430463	20.477435
121.757510	5.200000	805.850510	0.505206
122.084094	5.200000	414.307715	10.964476
122.413132	5.200000	795.390957	8.654116
122.740142	5.200000	869.455535	-5.281226
123.067324	5.200000	434.461156	9.778541
123.393050	5.200000	736.694402	7.077745
123.722089	5.200000	869.578588	-5.098571
124.048798	5.200000	521.473705	11.714216
124.375074	5.200000	660.114063	7.979386
124.701421	5.200000	805.905200	-4.656750
125.031397	5.200000	675.591468	18.302854
125.358346	5.200000	608.267492	0.447446
125.684285	5.200000	663.942396	-2.039954
126.011237	5.200000	803.991034	19.676313
126.340474	5.200000	679.255729	-1.835919
126.667297	5.200000	510.617645	9.461992
126.993208	5.200000	858.079916	20.353291
127.320261	5.200000	773.870254	1.963063
127.648426	5.200000	448.516609	11.015858
127.974290	5.200000	831.869505	17.284572
128.300529	5.200000	849.931034	-2.786697
128.627519	5.200000	444.127698	10.375259
128.957931	5.200000	774.184724	7.215391
129.284224	5.200000	891.523142	-5.137953
129.610947	5.200000	499.433443	8.704374
129.937265	5.200000	707.216235	7.103999
130.265247	5.200000	864.109540	-4.501099
130.593296	5.200000	622.610069	17.515609
130.919346	5.200000	625.741099	6.521907
131.246094	5.200000	767.785938	-4.605366
131.576421	5.200000	778.409564	18.157332
131.903619	5.200000	643.720593	-1.179189
132.231460	5.200000	608.992140	8.397951
132.557488	5.200000	866.010035	20.302658
132.889545	5.200000	746.566033	1.511116
133.215532	5.200000	505.558776	10.092840
133.541434	5.200000	860.732404	19.760326
133.869464	5.200000	830.051046	0.396063
134.198661	5.200000	482.670812	10.968226
134.524613	5.200000	801.762397	8.008265
134.850610	5.200000	892.753678	-4.420086
135.177859	5.200000	509.428128	9.487121
135.508834	5.200000	735.231432	6.998232
135.834745	5.200000	891.796594	-4.112911
136.162624	5.200000	602.497647	13.815666
136.489106	5.200000	656.135331	7.888247
136.817661	5.200000	826.742272	-3.699970
137.143567	5.200000	750.736183	17.945800
137.470899	5.200000	623.922641	-0.019878
137.797715	5.200000	696.455885	2.507272
138.126670	5.200000	862.892678	20.126757
138.454042	5.200000	706.628313	-0.506706
138.782701	5.200000	566.128480	9.529503
139.108589	5.200000	882.034345	19.882595
139.438760	5.200000	810.758980	2.086082
139.766673	5.200000	520.530295	10.877462
140.092754	5.200000	837.078772	11.065741
140.419845	5.200000	885.288427	-4.393457
140.750736	5.200000	524.509027	9.287590
141.077906	5.200000	768.660986	6.822705
141.406385	5.200000	910.815208	-4.771518
141.733793	5.200000	583.479033	9.638645
142.062827	5.200000	688.361694	7.893122
142.388752	5.200000	867.500350	-4.473345
142.714672	5.200000	715.638570	18.307355
143.040773	5.200000	631.264837	2.161469
143.370804	5.200000	750.025207	-4.616618
143.696954	5.200000	847.237529	18.882317
144.027886	5.200000	693.283837	-1.335589
144.354494	5.200000	609.388647	9.176198
144.683944	5.200000	898.181708	20.440679
145.009974	5.200000	794.556926	1.850920
145.336849	5.200000	540.738426	10.317500
145.663124	5.200000	867.240570	17.765397
145.992025	5.200000	874.705820	-2.519280
146.318940	5.200000	528.774884	10.040332
146.646597	5.200000	803.977361	6.743942
146.973073	5.200000	923.257291	-4.901664
147.303129	5.200000	574.400414	8.765884
147.630997	5.200000	728.395123	6.753694
147.957162	5.200000	903.705446	-4.789896
148.282875	5.200000	677.874796	17.016783
148.612971	5.200000	646.906313	6.098091
148.939070	5.200000	817.157766	-4.962424
149.265009	5.200000	819.632511	17.874164
149.590972	5.200000	656.873653	-1.035916
149.921415	5.200000	674.005445	7.385293
150.247244	5.200000	901.230702	20.596328
150.574115	5.200000	755.630980	0.801878
150.901184	5.200000	580.006188	9.959319
151.230269	5.200000	890.333624	19.665437
151.556374	5.200000	844.954201	1.474360
151.883058	5.200000	548.873635	10.949098
152.210139	5.200000	836.942046	8.462461
152.538341	5.200000	912.524285	-4.825527
152.864168	5.200000	562.382182	9.330722
153.190587	5.200000	770.465772	6.446521
153.517221	5.200000	926.593410	-4.428713
153.845699	5.200000	633.261040	10.883838
154.173180	5.200000	694.528045	7.586699
154.505480	5.200000	872.860017	-4.480471
154.832361	5.200000	780.446784	17.095920
155.161106	5.200000	644.800730	0.004876
155.489373	5.200000	743.202570	0.844256
155.816384	5.200000	889.499594	19.968858
156.142291	5.200000	718.578182	-0.973281
156.473253	5.200000	618.398903	9.588012
156.800614	5.200000	907.315017	19.946354
157.126760	5.200000	818.935206	1.997568
157.452395	5.200000	576.656397	10.509155
157.783414	5.200000	860.089790	11.708590
158.109466	5.200000	900.095874	-3.979015
158.435335	5.200000	573.935546	9.187074
158.762389	5.200000	800.682260	6.959976
159.091524	5.200000	938.160446	-4.813525
159.418429	5.200000	627.231415	8.853272
159.745900	5.200000	724.922277	6.816704
160.073284	5.200000	912.428576	-4.591864
160.401450	5.200000	744.022927	17.326955
160.727482	5.200000	649.162296	3.869114
161.054741	5.200000	815.544398	-4.830028
161.381479	5.200000	863.015731	17.601497
161.710609	5.200000	684.875176	-1.038541
162.036427	5.200000	681.238260	8.608734
162.362768	5.200000	920.386041	20.240024
162.688485	5.200000	780.392093	1.081298
163.017547	5.200000	606.667796	9.861804
163.345169	5.200000	894.052576	19.418649
163.671491	5.200000	868.197653	1.010786
163.997609	5.200000	583.752486	10.067711
164.326519	5.200000	833.305129	7.744224
164.652656	5.200000	929.218553	-4.996555
164.979562	5.200000	604.357123	9.191200
165.305766	5.200000	764.285748	6.404514
165.634975	5.200000	936.656458	-5.324358
165.960854	5.200000	679.228386	13.264331
166.286593	5.200000	684.013801	7.357914
166.613682	5.200000	883.784439	-4.877660
166.941681	5.200000	808.790124	17.049788
167.268829	5.200000	646.523480	-0.208533
167.596309	5.200000	760.717195	0.621095
167.922676	5.200000	903.185886	19.693191
168.250865	5.200000	727.027861	-0.899019
168.576624	5.200000	647.029368	9.941692
168.902899	5.200000	919.442630	19.764827
169.229777	5.200000	819.495784	1.961938
169.558993	5.200000	600.556135	10.763444
169.885809	5.200000	870.576689	13.121433
170.212990	5.200000	902.912433	-3.481685
170.538901	5.200000	596.563731	9.524627
170.866724	5.200000	804.414885	6.824955
171.192855	5.200000	945.899148	-5.214465
171.518923	5.200000	638.648052	8.795138
171.845201	5.200000	731.430444	6.845583
172.174959	5.200000	924.310083	-5.338985
172.501007	5.200000	741.889999	17.196810
172.826932	5.200000	655.588427	5.616890
173.154289	5.200000	847.497308	-5.305230
173.483982	5.200000	869.961422	17.755645
173.810012	5.200000	678.066212	-0.655605
174.136036	5.200000	716.923796	7.852241
174.463242	5.200000	929.902184	20.002238
174.791979	5.200000	774.212069	1.245949
175.118024	5.200000	631.565636	10.006202
175.445476	5.200000	907.465416	19.854465
175.772772	5.200000	863.398564	1.352091
176.101069	5.200000	605.861112	10.482526
176.430011	5.200000	838.227272	7.842864
176.757056	5.200000	933.046886	-5.890325
177.083114	5.200000	622.500689	9.203577
177.411170	5.200000	769.057492	6.352756
177.737128	5.200000	944.641267	-5.753428
178.064398	5.200000	684.711106	12.531468
178.390079	5.200000	691.889230	7.192888
178.721147	5.200000	892.070047	-6.037724
179.048227	5.200000	820.425523	16.733989
179.374268	5.200000	652.881248	-0.095640
179.700257	5.200000	778.614654	-1.500996
180.029201	5.200000	915.395535	19.498161
180.356275	5.200000	726.658700	-0.559590
180.683321	5.200000	660.401189	9.435363
181.009282	5.200000	926.648101	20.072749
181.338387	5.200000	825.744171	1.969814
181.664340	5.200000	614.994421	10.752943
181.991198	5.200000	875.799630	13.414728
182.318242	5.200000	904.717219	-4.226931
182.646776	5.200000	611.015689	9.299967
182.973330	5.200000	804.045724	6.738316
183.300439	5.200000	950.465803	-6.247008
183.627404	5.200000	652.553106	8.670994
183.957318	5.200000	724.389045	6.830956
184.283497	5.200000	929.492005	-6.056477
184.610724	5.200000	761.045338	16.963149
184.936469	5.200000	654.658689	4.606856
185.265357	5.200000	843.723666	-6.406034
185.592283	5.200000	882.635940	17.451849
185.918528	5.200000	681.238260	-1.292457
186.244790	5.200000	716.103439	8.062649
186.573447	5.200000	933.306666	20.222396
186.899595	5.200000	776.044200	1.579377
187.225604	5.200000	635.544368	10.096216
187.551455	5.200000	908.340464	19.545793
187.881870	5.200000	867.760129	1.445856
188.208606	5.200000	615.732743	10.398138
188.534576	5.200000	840.948123	8.312813
188.862600	5.200000	936.970928	-6.769468
189.193973	5.200000	635.681094	8.794013
189.520572	5.200000	762.508307	6.557538
189.846709	5.200000	950.793946	-6.418411
190.173988	5.200000	708.487791	13.139437
190.502848	5.200000	677.300545	7.320783
190.830715	5.200000	895.064350	-6.160744
191.158671	5.200000	840.209803	16.677356
191.485765	5.200000	653.879349	-0.383311
191.814838	5.200000	763.561100	3.950127
192.140557	5.200000	926.921553	20.202143
192.469575	5.200000	739.948486	0.046132
192.795753	5.200000	661.672743	9.434238
193.123590	5.200000	924.487827	19.398021
193.450134	5.200000	833.701635	2.412759
193.776812	5.200000	625.577028	10.396262
194.107900	5.200000	868.758231	9.081683
194.439727	5.200000	927.618856	-6.349400
194.767857	5.200000	628.803767	9.151444
195.094608	5.200000	781.280813	5.920688
195.420614	5.200000	953.651523	-6.038849
195.750678	5.200000	691.834541	10.616046
196.076737	5.200000	701.637807	6.791950
196.403282	5.200000	921.479850	-6.787471
196.730978	5.200000	806.315380	16.624848
197.061116	5.200000	647.808706	0.629350
197.386887	5.200000	808.653398	-4.799273
197.712855	5.200000	912.045743	18.401119
198.039729	5.200000	707.585397	-1.643138
198.370072	5.200000	684.560707	9.140942
198.695984	5.200000	934.906363	19.621930
199.021816	5.200000	808.202200	1.546372
199.347881	5.200000	628.393588	10.361007
199.675903	5.200000	887.462374	17.055412
200.003265	5.200000	889.335523	-1.977318
200.330854	5.200000	617.715272	9.623642
200.657049	5.200000	817.280820	7.287403
200.985104	5.200000	950.301732	-6.134865
201.312964	5.200000	651.322570	8.372072
201.639740	5.200000	739.811760	6.896591
201.968023	5.200000	939.773815	-6.582313
202.296689	5.200000	748.904053	16.482701
202.623267	5.200000	656.217367	6.548912
202.949551	5.200000	869.414517	-6.629570
203.275944	5.200000	867.965219	16.254666
203.608143	5.200000	675.782885	-0.859263
203.934144	5.200000	733.399302	7.467805
204.260129	5.200000	936.656458	20.290282
204.587073	5.200000	761.961402	1.155184
204.919118	5.200000	642.777183	9.614266
205.245891	5.200000	910.158922	19.819585
205.572030	5.200000	862.687588	1.706147
205.898787	5.200000	620.203689	9.842301
206.228341	5.200000	842.643528	7.884121
206.554657	5.200000	937.859648	-7.574725
206.882121	5.200000	637.390171	8.670994
207.208478	5.200000	768.291825	6.090590
207.537169	5.200000	953.637851	-6.613443
207.863044	5.200000	705.124326	12.146658
208.191154	5.200000	681.894545	6.914219
208.518293	5.200000	906.576696	-7.060141
208.846555	5.200000	832.512118	16.262167
209.173243	5.200000	647.535254	-0.022504
209.500442	5.200000	789.689475	-2.241364
209.826190	5.200000	923.599107	19.199241
210.158344	5.200000	730.528051	-0.670232
210.485250	5.200000	671.202558	9.229081
210.811300	5.200000	932.855470	19.388644
211.137220	5.200000	823.994075	2.027198
211.467357	5.200000	629.378017	9.970571
211.794069	5.200000	872.490856	11.386040
212.120581	5.200000	908.832678	-5.482634
212.448458	5.200000	627.655267	8.663117
212.777564	5.200000	792.711123	6.129971
213.103681	5.200000	955.839142	-7.284802
213.430182	5.200000	674.265225	8.617735
213.757389	5.200000	718.824289	6.464524
214.086438	5.200000	933.839898	-6.836229
214.412489	5.200000	779.448684	16.793999
214.738443	5.200000	647.439546	3.881866
215.065772	5.200000	846.553898	-6.995255
215.395619	5.200000	896.103470	16.765869
215.722429	5.200000	685.107611	-0.999910
216.049464	5.200000	715.337773	7.905499
216.375582	5.200000	941.496565	20.141759
216.704670	5.200000	785.273218	1.406474
217.031448	5.200000	643.556523	10.056084
217.358706	5.200000	902.597963	19.642933
217.684608	5.200000	872.545546	1.221570
218.013573	5.200000	625.659064	9.832175
218.339847	5.200000	831.650742	7.154632
218.667746	5.200000	942.672410	-6.820852
218.993969	5.200000	646.783261	9.200576
219.322547	5.200000	751.501849	6.643052
219.648668	5.200000	949.905226	-6.459668
219.974615	5.200000	718.933672	13.195695
220.300620	5.200000	674.989873	6.913844
220.629687	5.200000	896.759755	-6.637822
220.955722	5.200000	840.483255	16.521707
221.281652	5.200000	645.443343	0.007501
221.609026	5.200000	783.194981	0.351054
221.937871	5.200000	924.815970	19.947104
222.263828	5.200000	724.019885	-0.793627
222.591718	5.200000	673.677302	9.180323
222.918874	5.200000	928.945101	19.773828
223.247915	5.200000	826.291076	2.155468
223.573771	5.200000	632.413338	10.516281
223.899832	5.200000	868.553142	12.126030
224.225740	5.200000	903.760136	-5.191587
224.555221	5.200000	628.229517	9.251209
224.882812	5.200000	791.261825	6.298748
225.208862	5.200000	951.422886	-6.542931
225.534605	5.200000	673.089380	8.604608
225.862854	5.200000	715.871004	6.839207
226.189907	5.200000	935.070434	-6.709458
226.517057	5.200000	779.065850	16.757993
226.843302	5.200000	643.734266	3.797853
227.171876	5.200000	850.163469	-7.090146
227.498014	5.200000	892.083719	17.469852
227.824047	5.200000	675.167617	-0.567466
228.151040	5.200000	730.555398	8.202921
228.481122	5.200000	942.207541	20.199143
228.807290	5.200000	771.709980	1.512616
229.132950	5.200000	652.129255	9.621017
229.459962	5.200000	905.920410	19.611428
229.789085	5.200000	867.705439	1.395222
230.116009	5.200000	630.813642	10.136722
230.443317	5.200000	836.395141	7.427299
230.770071	5.200000	936.205261	-7.474959
231.099218	5.200000	661.098493	8.316563
231.425906	5.200000	758.351831	6.256741
231.753208	5.200000	949.467702	-7.330185
232.080120	5.200000	730.295618	13.072676
232.409180	5.200000	674.579694	7.123877
232.736031	5.200000	896.923826	-7.397696
233.063285	5.200000	848.741517	16.425317
233.389195	5.200000	641.191159	-0.481202
233.718104	5.200000	776.208273	1.051291
234.045754	5.200000	932.445291	19.478283
234.372711	5.200000	721.873283	-1.408351
234.699243	5.200000	671.763136	9.213328
235.030170	5.200000	930.326035	19.724696
235.357282	5.200000	832.594153	1.970189
235.683241	5.200000	630.389790	10.560163
236.010181	5.200000	865.531493	10.272868
236.339351	5.200000	913.727475	-7.982417
236.666372	5.200000	634.847064	9.093310
236.992205	5.200000	785.532998	5.973946
237.319737	5.200000	955.182857	-7.587477
237.649492	5.200000	686.324475	9.151819
237.975340	5.200000	704.481712	6.717313
238.302535	5.200000	929.177535	-7.695870
238.629600	5.200000	792.943559	16.552086
238.958351	5.200000	637.814022	2.124713
239.284315	5.200000	834.234868	-7.698495
239.611569	5.200000	902.666327	17.684760
239.937448	5.200000	682.988355	-1.108678
240.266449	5.200000	706.559951	8.526971
240.593557	5.200000	939.459345	19.585924
240.920620	5.200000	785.984194	1.669016
241.246534	5.200000	642.954927	9.990449
241.575366	5.200000	895.433511	19.564171
241.901414	5.200000	873.406921	-0.116644
242.228428	5.200000	626.014552	9.800670
242.554679	5.200000	824.800760	7.365415
242.884865	5.200000	945.817113	-7.929908
243.211510	5.200000	650.256106	8.876151
243.537610	5.200000	744.747575	6.322001
243.866670	5.200000	948.715708	-7.272800
244.197242	5.200000	743.571731	15.622319
244.524529	5.200000	653.045319	6.250365
244.850497	5.200000	881.542130	-7.618607
245.178582	5.200000	865.203350	16.378810
245.507676	5.200000	656.873653	-0.601596
245.833582	5.200000	753.197255	5.419234
246.160648	5.200000	936.068535	20.216395
246.486570	5.200000	740.153575	0.109892
246.815581	5.200000	652.361689	8.917782
247.141730	5.200000	917.145630	19.676313
247.468607	5.200000	836.039653	1.440605
247.794799	5.200000	624.893397	10.332877
248.123616	5.200000	849.999397	8.599732
248.450659	5.200000	918.485547	-8.113313
248.777877	5.200000	630.225719	8.884402
249.103707	5.200000	774.444504	5.965320
249.432847	5.200000	954.020684	-7.552971
249.760014	5.200000	689.646922	9.595513
250.086014	5.200000	693.721361	6.620923
250.411798	5.200000	923.462380	-7.549971
250.741777	5.200000	807.655297	16.459447
251.067825	5.200000	632.905551	1.796536
251.394411	5.200000	820.370832	-8.133941
251.721750	5.200000	908.108029	17.755270
252.050966	5.200000	691.260289	-1.684770
252.377879	5.200000	690.768076	8.738504
252.704857	5.200000	937.463143	19.298256
253.032454	5.200000	791.316516	1.568125
253.362062	5.200000	630.430808	10.217359
253.687719	5.200000	883.155499	16.455320
254.015907	5.200000	884.536433	-2.391759
254.342488	5.200000	621.721350	9.037426
254.670895	5.200000	803.225367	6.644177
254.997026	5.200000	947.307428	-7.585977
255.324109	5.200000	654.180148	8.607234
255.651184	5.200000	727.096224	6.057585
255.981905	5.200000	937.052964	-8.238209
256.308934	5.200000	748.070023	15.716083
256.636135	5.200000	643.761611	5.768789
256.962071	5.200000	864.246267	-8.058179
257.291007	5.200000	872.942053	16.840131
257.618975	5.200000	659.908974	-1.099676
257.945293	5.200000	730.035838	6.240988
258.271988	5.200000	937.025619	20.347665
258.603279	5.200000	757.545146	1.243323
258.930198	5.200000	635.790475	9.602639
259.258876	5.200000	908.203737	20.109879
259.586033	5.200000	857.273231	1.033290
259.916064	5.200000	613.763885	10.189230
260.242390	5.200000	829.750248	7.840614
260.569155	5.200000	935.603666	-8.452369
260.896157	5.200000	632.741481	9.026549
261.225130	5.200000	747.235992	5.962320
261.551346	5.200000	948.387565	-7.840268
261.886160	5.200000	726.604011	14.670798
262.213397	5.200000	654.973158	6.789324
262.543795	5.200000	877.399326	-8.268213
262.870008	5.200000	857.450975	16.328177
263.198304	5.200000	649.066587	-0.924523
263.524162	5.200000	753.648451	3.512058
263.853183	5.200000	935.384904	20.225022
264.179190	5.200000	735.477539	-0.124520
264.506696	5.200000	650.283451	8.782011
264.832190	5.200000	920.276660	19.291505
265.160281	5.200000	832.717207	1.305958
265.487304	5.200000	618.207487	10.091715
265.814356	5.200000	853.882421	9.323970
266.140191	5.200000	913.672785	-9.092974
266.469351	5.200000	621.994802	9.028424
266.795377	5.200000	772.557682	5.835925
267.121560	5.200000	953.282363	-7.950161
267.447437	5.200000	674.894165	8.678495
267.776724	5.200000	693.024057	6.039957
268.103953	5.200000	923.763178	-8.237083
268.430364	5.200000	791.931785	16.297422
268.757439	5.200000	633.876307	1.557998
269.086594	5.200000	818.894189	-8.314346
269.412728	5.200000	902.830398	17.316828
269.738384	5.200000	679.324093	-2.017824
270.065604	5.200000	700.352582	7.955007
270.394957	5.200000	938.174119	19.582174
270.721581	5.200000	784.411843	1.412850
271.050035	5.200000	631.497272	9.649521
271.377621	5.200000	888.187023	18.064693
271.706611	5.200000	880.967880	-2.458895
272.033453	5.200000	616.088231	9.117688
272.359704	5.200000	809.296010	6.919470
272.685624	5.200000	942.398958	-8.086309
273.014684	5.200000	646.195338	8.283183
273.341592	5.200000	729.242825	6.106342
273.667701	5.200000	943.191970	-8.050303
273.994112	5.200000	730.623761	14.032075
274.323661	5.200000	645.730468	5.934565
274.650163	5.200000	874.268297	-7.986167
274.976591	5.200000	855.796588	16.148150
275.303630	5.200000	643.392450	-1.112803
275.633624	5.200000	742.710356	4.823640
275.959672	5.200000	932.937506	19.697691
276.285615	5.200000	732.100402	-0.077263
276.612825	5.200000	651.390933	9.035176
276.941786	5.200000	912.743047	19.094975
277.267933	5.200000	829.353742	1.715523
277.594747	5.200000	618.904790	9.992700
277.921901	5.200000	842.684546	8.863399
278.249878	5.200000	914.356416	-8.241209
278.576844	5.200000	623.047594	9.003296
278.903941	5.200000	760.703522	5.783042
279.229743	5.200000	947.389464	-7.494087
279.558922	5.200000	685.162302	9.483370
279.884812	5.200000	681.156224	6.533909
280.212074	5.200000	915.600624	-7.743502
280.537789	5.200000	791.097755	16.281670
280.867793	5.200000	623.799587	1.163060
281.193988	5.200000	810.253094	-7.538719
281.519987	5.200000	898.482505	17.806278
281.845882	5.200000	672.938980	-0.778250
282.176136	5.200000	688.389040	8.175916
282.505024	5.200000	931.843696	19.312883
282.830891	5.200000	778.874432	1.543746
283.157017	5.200000	618.029742	9.852803
283.486359	5.200000	874.172588	17.539987
283.813138	5.200000	871.150939	-2.321623
284.138903	5.200000	605.546641	8.885902
284.466960	5.200000	796.006224	6.703061
284.796880	5.200000	938.666333	-8.443367
285.123164	5.200000	643.214707	7.975260
285.450079	5.200000	714.175599	6.158100
285.777039	5.200000	931.050684	-8.020298
286.107104	5.200000	739.551981	15.176751
286.433018	5.200000	634.778700	5.393730
286.760164	5.200000	857.314249	-8.160196
287.086216	5.200000	854.825832	16.257291
287.415015	5.200000	643.269396	-0.458698
287.742674	5.200000	727.602112	5.392605
288.069862	5.200000	925.650000	19.469282
288.396134	5.200000	731.020265	0.084388
288.724090	5.200000	633.876308	8.756132
289.050325	5.200000	901.886987	18.992584
289.377331	5.200000	826.414129	1.107177
289.705293	5.200000	607.050629	9.785292
290.035215	5.200000	827.398558	7.865743
290.362311	5.200000	914.247035	-8.604644
290.688134	5.200000	618.740719	8.750881
291.016163	5.200000	747.235992	5.314968
291.346276	5.200000	938.953458	-8.009421
291.672420	5.200000	690.576660	11.034986
291.998322	5.200000	663.340801	6.938223
292.325794	5.200000	897.019535	-8.237458
292.656605	5.200000	817.349184	15.840227
292.982430	5.200000	623.703879	-0.002625
293.311330	5.200000	776.509070	-3.752859
293.638978	5.200000	908.695952	18.571770
293.969231	5.200000	700.585015	-1.352467
294.295254	5.200000	658.883528	8.727628
294.622329	5.200000	914.999029	19.245373
294.948534	5.200000	796.430075	1.571501
295.277399	5.200000	612.806802	9.685527
295.604418	5.200000	853.280826	12.074271
295.931638	5.200000	885.014975	-6.535806
296.257427	5.200000	609.265594	8.812016
296.586381	5.200000	771.245111	6.127346
296.914397	5.200000	938.078410	-8.291467
297.240970	5.200000	656.299403	8.542724
297.567389	5.200000	688.867581	6.005076
297.896553	5.200000	914.725577	-8.469622
298.223586	5.200000	764.108005	15.308771
298.549781	5.200000	619.656783	3.075864
298.878470	5.200000	827.808737	-8.789549
299.208556	5.200000	880.585047	17.003281
299.534590	5.200000	655.861878	-0.979282
299.860454	5.200000	700.995195	7.760351
300.188509	5.200000	923.079547	19.189489
300.518612	5.200000	757.148641	1.408350
300.844658	5.200000	621.817058	9.704655
301.170550	5.200000	878.903315	19.297881
301.501755	5.200000	851.722147	-0.358557
301.830695	5.200000	603.851236	9.056554
302.156664	5.200000	795.965206	6.362508
302.483561	5.200000	926.265267	-8.473372
302.810825	5.200000	630.444481	8.534847
303.138620	5.200000	717.361319	5.594387
303.465661	5.200000	930.585815	-8.334224
303.793294	5.200000	718.031279	14.189224
304.119863	5.200000	634.929099	6.455147
304.447825	5.200000	869.018011	-8.607269
304.774775	5.200000	839.321082	15.689079
305.102175	5.200000	624.524236	-0.545712
305.428614	5.200000	746.771124	3.705213
305.758789	5.200000	918.567583	20.022491
306.086227	5.200000	714.175599	-0.241164
306.412796	5.200000	639.140266	9.326221
306.738665	5.200000	903.322613	19.962857
307.069754	5.200000	817.554272	1.566625
307.396100	5.200000	607.337754	10.113468
307.723026	5.200000	827.412231	8.821017
308.051331	5.200000	903.678100	-8.693533
308.382013	5.200000	610.755909	8.769634
308.708019	5.200000	751.009634	6.063211
309.034741	5.200000	936.341988	-8.914445
309.361847	5.200000	686.351820	9.639394
309.691080	5.200000	660.469551	6.322751
310.017428	5.200000	898.482505	-8.270464
310.344020	5.200000	792.369308	16.039008
310.671103	5.200000	618.357885	0.822881
310.999094	5.200000	788.130796	-6.056479
311.326991	5.200000	897.826220	18.431124
311.654625	5.200000	675.905938	-1.549748
311.980874	5.200000	661.918850	8.483464
312.308912	5.200000	911.457821	19.365766
312.636901	5.200000	784.316135	1.199066
312.964010	5.200000	597.739576	10.473149
313.290007	5.200000	874.063207	16.622971
313.618028	5.200000	869.305136	-3.974515
313.944225	5.200000	607.242046	8.902030
314.269998	5.200000	781.909754	7.010234
314.596174	5.200000	932.691398	-8.368355
314.927107	5.200000	629.528415	8.212297
315.253122	5.200000	711.372712	6.020079
315.579002	5.200000	914.780267	-8.111813
315.905806	5.200000	728.313088	14.926962
316.235146	5.200000	620.436123	5.679150
316.561144	5.200000	853.048392	-8.339850
316.887164	5.200000	841.371975	16.087015
317.214427	5.200000	631.510944	-0.806004
317.544139	5.200000	717.142558	5.513749
317.870184	5.200000	915.614297	19.993987
318.197234	5.200000	720.656420	0.119269
318.523324	5.200000	629.747177	9.144693
318.852787	5.200000	895.665946	19.248748
319.179201	5.200000	822.968629	1.374219
319.506232	5.200000	595.087088	9.786042
319.832343	5.200000	827.371213	8.447084
320.160315	5.200000	904.703547	-9.040090
320.486701	5.200000	604.097344	8.656366
320.814471	5.200000	745.321825	5.795793
321.140143	5.200000	933.005869	-8.620396
321.475322	5.200000	683.548933	11.309154
321.802291	5.200000	651.431950	5.927064
322.128291	5.200000	888.788618	-8.947075
322.454301	5.200000	799.041547	15.643322
322.784401	5.200000	615.650706	0.139897
323.111675	5.200000	770.629844	-4.998060
323.437413	5.200000	899.234499	18.120951
323.765530	5.200000	681.703128	-0.995034
324.095597	5.200000	649.681856	8.689372
324.421558	5.200000	913.426678	18.899195
324.747485	5.200000	786.872915	0.621474
325.074468	5.200000	597.862629	9.607140
325.404609	5.200000	855.085612	13.086553
325.730749	5.200000	879.327166	-6.388407
326.057507	5.200000	593.583099	9.069306
326.383706	5.200000	778.477926	5.987449
326.712493	5.200000	935.234506	-8.560386
327.039514	5.200000	643.474487	7.956882
327.366604	5.200000	693.393218	5.982198
327.692960	5.200000	919.456303	-9.061469
328.021468	5.200000	748.808344	14.872204
328.349547	5.200000	621.529932	3.961004
328.676704	5.200000	831.500344	-8.786549
329.003757	5.200000	870.084475	16.367933
329.332630	5.200000	651.445623	-1.002911
329.659936	5.200000	697.850493	6.448396
329.985652	5.200000	924.515172	19.308007
330.313653	5.200000	746.935194	0.665356
330.643379	5.200000	612.054808	8.757632
330.969860	5.200000	891.153981	19.251749
331.295679	5.200000	847.510981	-0.435070
331.622497	5.200000	586.678427	9.200576
331.953924	5.200000	812.823546	6.524908
332.280091	5.200000	929.163863	-9.483038
332.605827	5.200000	613.257998	8.561477
332.933166	5.200000	734.643510	5.402732
333.262899	5.200000	936.205261	-9.133106
333.588815	5.200000	699.340808	13.273708
333.917722	5.200000	646.961004	6.244364
334.245993	5.200000	869.619606	-9.306384
334.574778	5.200000	832.361719	15.779468
334.901184	5.200000	629.938593	-0.651854
335.228175	5.200000	744.487796	2.083831
335.555007	5.200000	915.655315	19.519164
335.882855	5.200000	711.030896	-0.736993
336.209913	5.200000	633.534492	8.489090
336.537085	5.200000	914.465797	19.002711
336.863880	5.200000	813.110671	0.168027
337.194069	5.200000	588.756665	9.469868
337.520879	5.200000	844.981546	9.675025
337.847243	5.200000	904.676202	-9.745957
338.174066	5.200000	596.303951	8.320689
338.504129	5.200000	760.060909	5.244082
338.830039	5.200000	941.578601	-9.065594
339.155968	5.200000	659.703885	9.115813
339.483966	5.200000	680.349539	5.684776
339.814018	5.200000	905.031690	-9.363769
340.140149	5.200000	782.319933	14.754061
340.466227	5.200000	622.240909	1.493113
340.793234	5.200000	806.547814	-9.593681
341.123190	5.200000	892.712660	17.301076
341.449104	5.200000	671.476010	-1.459734
341.777020	5.200000	672.747564	7.779480
342.104588	5.200000	925.868762	19.433276
342.433273	5.200000	774.567557	0.408440
342.759137	5.200000	602.962516	8.736254
343.086143	5.200000	876.223481	17.465726
343.412161	5.200000	863.384892	-2.571788
343.740091	5.200000	584.190010	9.130440
344.066171	5.200000	796.799236	5.596637
344.392768	5.200000	931.160065	-10.308924
344.719298	5.200000	619.629439	8.195795
345.048191	5.200000	713.929492	5.245207
345.375494	5.200000	926.484029	-9.877978
345.702285	5.200000	712.548558	13.678395
346.028165	5.200000	638.251545	5.766914
346.357175	5.200000	861.019529	-9.675445
346.683379	5.200000	836.367797	15.027478
347.009247	5.200000	628.338897	-1.505866
347.336344	5.200000	738.006975	2.258984
347.666492	5.200000	921.643922	19.497036
347.992397	5.200000	716.869105	-0.066761
348.322245	5.200000	624.319147	8.159414
348.648355	5.200000	908.627589	18.908571
348.978202	5.200000	824.363236	0.136897
349.304349	5.200000	587.881617	9.286840
349.631356	5.200000	836.367796	8.522471
349.957428	5.200000	905.687975	-11.058298
350.285344	5.200000	597.725903	8.802264
350.612397	5.200000	750.339676	5.265085
350.938589	5.200000	938.912440	-9.736205
351.264442	5.200000	661.918850	9.628893
351.594176	5.200000	668.673123	6.229737
351.921466	5.200000	900.984594	-9.094849
352.248694	5.200000	786.558445	15.500425
352.575604	5.200000	618.248504	2.223354
352.905510	5.200000	790.701249	-7.933284
353.231440	5.200000	895.788999	18.171584
353.557630	5.200000	675.946956	-0.960154
353.883453	5.200000	675.837576	7.876245
354.213568	5.200000	927.318059	18.907446
354.541133	5.200000	776.194599	0.859262
354.867407	5.200000	607.132665	8.982667
355.195632	5.200000	872.025987	16.612470
355.526174	5.200000	878.465791	-5.711422
355.852718	5.200000	594.362439	8.512344
356.178409	5.200000	789.894564	5.954068
356.505653	5.200000	936.984601	-10.427444
356.834670	5.200000	639.987969	7.513938
357.160661	5.200000	705.001271	5.417359
357.487683	5.200000	928.753684	-9.746707
357.814758	5.200000	735.887719	14.139716
358.143425	5.200000	628.270533	4.829266
358.469689	5.200000	850.614666	-10.060258
358.796659	5.200000	858.134606	15.348527
359.122680	5.200000	637.321807	-1.023914
359.451847	5.200000	722.338153	4.896401
359.778665	5.200000	927.947000	19.590050
360.105983	5.200000	727.684146	0.235537
360.431862	5.200000	628.598677	8.172541
360.760741	5.200000	903.172214	18.881942
361.087075	5.200000	826.195367	0.154900
361.413879	5.200000	595.592974	9.785292
361.739896	5.200000	832.074594	8.130534
362.069841	5.200000	915.983458	-10.451823
362.396578	5.200000	608.636653	8.275307
362.722754	5.200000	744.556158	5.471743
363.048815	5.200000	938.857750	-10.060258
363.378769	5.200000	683.699332	10.581916
363.704860	5.200000	660.920748	5.990074
364.031859	5.200000	895.023333	-9.678820
364.357915	5.200000	795.541356	14.970844
364.685901	5.200000	614.679950	0.412566
365.012866	5.200000	788.417921	-7.601356
365.338956	5.200000	896.992190	17.522360
365.666187	5.200000	672.296367	-1.103427
365.994991	5.200000	662.752879	7.754726
366.320886	5.200000	924.515172	19.451279
366.647597	5.200000	771.915069	0.839759
366.975180	5.200000	604.466504	9.181073
367.304993	5.200000	866.119416	16.120769
367.632000	5.200000	875.662904	-5.620657
367.959753	5.200000	593.651462	9.292841
368.285860	5.200000	783.632504	5.949568
368.615987	5.200000	937.818631	-9.857350
368.943046	5.200000	645.333963	7.931378
369.269200	5.200000	696.606283	5.362225
369.595189	5.200000	926.278940	-9.766960
369.925619	5.200000	750.284987	14.191099
370.252277	5.200000	621.885420	3.979007
370.577917	5.200000	844.940529	-9.917735
370.905234	5.200000	865.422112	15.693205
371.236889	5.200000	647.685652	-1.003661
371.564314	5.200000	708.159647	6.422517
371.892107	5.200000	929.533024	19.548419
372.219165	5.200000	741.520837	0.733617
372.548238	5.200000	619.807183	8.492466
372.875207	5.200000	889.499595	19.284004
373.202336	5.200000	839.826969	-1.109428
373.529612	5.200000	594.731599	9.029550
373.858322	5.200000	807.368171	6.764196
374.184278	5.200000	922.300208	-10.358808
374.511329	5.200000	621.133427	8.417079
374.837455	5.200000	725.865688	4.912529
375.167369	5.200000	935.959154	-9.846848
375.494427	5.200000	708.282701	12.561848
375.820433	5.200000	642.312313	5.791293
376.146316	5.200000	885.739624	-9.772211
376.476302	5.200000	832.006231	14.803943
376.804946	5.200000	619.397004	-1.055419
377.131437	5.200000	760.881267	-0.833386
377.457436	5.200000	916.393637	19.238997
377.787365	5.200000	700.762759	-0.574217
378.114571	5.200000	649.927963	8.304562
378.440694	5.200000	916.803815	18.979082
378.766345	5.200000	796.867599	0.304174
379.095927	5.200000	605.546641	9.851678
379.422602	5.200000	848.823552	10.313749
379.749886	5.200000	893.601380	-10.326928
380.077425	5.200000	611.781355	8.882902
380.407030	5.200000	756.205230	4.989417
380.732329	5.200000	940.662535	-9.849099
381.058387	5.200000	667.073427	8.187918
381.384569	5.200000	679.734271	5.304841
381.713562	5.200000	915.094737	-9.926736
382.039536	5.200000	775.880130	14.953216
382.366784	5.200000	614.789331	2.963721
382.693832	5.200000	829.504142	-9.644690
383.022619	5.200000	889.280833	16.157526
383.350030	5.200000	654.398908	-0.598596
383.676815	5.200000	702.307766	7.058242
384.003601	5.200000	932.841797	18.985833
384.331566	5.200000	752.417914	0.839384
384.657737	5.200000	626.383713	8.562602
384.983634	5.200000	890.470350	18.781052
385.309641	5.200000	844.352606	-1.409101
385.640039	5.200000	609.279266	8.901280
385.966722	5.200000	805.235242	6.392512
386.292938	5.200000	927.933327	-10.218159
386.619690	5.200000	634.970117	8.125284
386.949564	5.200000	718.414111	5.097434
387.276650	5.200000	938.898767	-9.556925
387.602861	5.200000	722.119392	12.812761
387.930178	5.200000	636.706539	5.617265
388.258837	5.200000	880.147523	-9.630062
388.584964	5.200000	843.313487	15.098364
388.912818	5.200000	622.705778	-0.915897
389.239053	5.200000	766.117880	-0.068263
389.567905	5.200000	924.419464	19.482409
389.894882	5.200000	698.629831	-0.667607
390.221764	5.200000	655.314975	8.105405
390.547940	5.200000	918.143732	18.881192
390.876860	5.200000	801.981159	-0.012752
391.204554	5.200000	612.382951	9.325471
391.530879	5.200000	844.352606	9.892184
391.857033	5.200000	891.181326	-10.049007
392.186902	5.200000	618.289522	8.782761
392.515126	5.200000	749.327903	5.035549
392.841511	5.200000	941.852053	-10.166776
393.167855	5.200000	679.816308	8.537848
393.497959	5.200000	665.159259	5.287964
393.824929	5.200000	912.510612	-9.819094
394.151001	5.200000	793.435773	14.440512
394.477978	5.200000	608.404218	1.782659
394.808146	5.200000	814.464261	-10.176152
395.133965	5.200000	899.658351	16.642100
395.460044	5.200000	650.105706	-0.963154
395.787008	5.200000	694.145213	6.641926
396.117383	5.200000	927.933327	18.745797
396.443025	5.200000	753.238272	0.760621
396.769956	5.200000	622.254582	8.190544
397.096119	5.200000	875.649231	18.407870
397.425077	5.200000	852.952683	-3.790735
397.752144	5.200000	609.853516	8.476338
398.079543	5.200000	785.724415	5.828424
398.406350	5.200000	928.945101	-9.832596
398.735278	5.200000	648.314594	8.131660
399.062262	5.200000	697.823146	4.817640
399.388296	5.200000	930.859267	-10.224160
399.714187	5.200000	733.412975	12.917778
400.042827	5.200000	617.182039	5.049801
400.369277	5.200000	868.361725	-9.687072
400.695375	5.200000	848.905588	14.822696
401.022191	5.200000	613.381051	-1.260952
401.351307	5.200000	746.894177	2.727434
401.677166	5.200000	922.518970	19.337262
402.006574	5.200000	694.446009	-0.273794
402.334183	5.200000	645.949231	7.832363
402.664337	5.200000	899.918130	18.374115
402.991025	5.200000	808.079147	0.116269
403.317274	5.200000	613.654504	9.066680
403.643455	5.200000	822.585796	8.333066
403.972355	5.200000	899.480606	-11.026043
404.298454	5.200000	622.965558	8.082152
404.626410	5.200000	733.057486	4.650363
404.953790	5.200000	937.504160	-10.513708
405.282352	5.200000	693.488927	9.641270
405.608342	5.200000	648.205212	5.252708
405.935323	5.200000	901.845970	-9.932737
406.262412	5.200000	802.336648	14.718430
406.591193	5.200000	601.622599	0.705488
406.917485	5.200000	801.789743	-9.475537
407.243541	5.200000	900.328309	16.503329
407.569319	5.200000	652.717176	-1.042667
407.898658	5.200000	686.187749	7.340286
408.227142	5.200000	922.874458	18.773551
408.553579	5.200000	756.082176	0.501830
408.879562	5.200000	622.623742	8.432081
409.209464	5.200000	858.708856	16.088889
409.535455	5.200000	854.962558	-5.085445
409.862543	5.200000	613.189635	8.149287
410.189756	5.200000	771.887724	5.286838
410.519860	5.200000	928.083726	-10.861016
410.845624	5.200000	655.273957	7.455804
411.172573	5.200000	682.318396	4.464334
411.499923	5.200000	925.403892	-10.442822
411.828780	5.200000	755.343856	13.754157
412.154519	5.200000	603.796545	4.556598
412.481743	5.200000	857.191196	-10.451448
412.808583	5.200000	863.672017	14.532777
413.136578	5.200000	614.174063	-0.882516
413.464679	5.200000	732.893415	4.264427
413.791760	5.200000	925.567964	18.924699
414.118872	5.200000	702.991396	-0.036381
414.447729	5.200000	641.355231	7.756976
414.776717	5.200000	887.503392	18.181335
415.103083	5.200000	810.184730	-0.353307
415.428716	5.200000	613.463088	9.000295
415.756820	5.200000	804.278159	6.957726
416.084068	5.200000	901.640880	-11.584136
416.409923	5.200000	628.284207	7.958007
416.736746	5.200000	717.689462	4.622609
417.070844	5.200000	930.120946	-10.448072
417.398795	5.200000	714.148255	11.704090
417.725718	5.200000	621.338515	4.942909
418.052870	5.200000	885.917368	-10.955906
418.383934	5.200000	839.293737	14.162970
418.710967	5.200000	595.975807	-1.186315
419.036875	5.200000	769.139529	-1.813418
419.364609	5.200000	915.135756	17.845659
419.694134	5.200000	677.505634	-1.217445
420.019755	5.200000	660.223445	7.336160
420.348218	5.200000	907.465416	18.191462
420.676174	5.200000	780.063950	-0.037131
421.005034	5.200000	614.447516	9.232456
421.330944	5.200000	828.437677	9.091059
421.657887	5.200000	878.520481	-10.606724
421.984016	5.200000	618.002397	8.647740
422.313170	5.200000	733.536027	5.223078
422.640555	5.200000	929.724440	-10.085763
422.967295	5.200000	677.642362	8.213422
423.294470	5.200000	647.726670	5.059928
423.624102	5.200000	906.111827	-10.862891
423.952148	5.200000	792.847850	14.183598
424.278026	5.200000	585.953777	1.584628
424.604123	5.200000	817.485910	-10.805507
424.933115	5.200000	891.359071	15.720209
425.260323	5.200000	633.165331	-1.250075
425.586195	5.200000	695.512475	6.517407
425.915165	5.200000	921.438833	18.144955
426.245318	5.200000	739.128129	0.635351
426.571221	5.200000	624.565254	8.386699
426.897064	5.200000	861.853559	16.642850
427.226147	5.200000	839.772278	-4.066030
427.554190	5.200000	614.365481	8.687121
427.880122	5.200000	767.963682	5.575259
428.206193	5.200000	916.954214	-11.536503
428.532556	5.200000	644.650332	7.700342
428.861274	5.200000	677.738069	4.945535
429.188246	5.200000	920.495422	-10.723743
429.515251	5.200000	734.096606	13.419230
429.841604	5.200000	596.850854	5.143566
430.170208	5.200000	859.365142	-9.937613
430.496412	5.200000	846.430844	14.533902
430.822238	5.200000	591.409152	-1.373470
431.148601	5.200000	750.845564	1.682892
431.477528	5.200000	914.725577	19.217618
431.804594	5.200000	677.081783	-0.496579
432.130466	5.200000	651.555004	7.599451
432.456435	5.200000	899.179809	18.479506
432.785309	5.200000	780.255367	0.269293
433.112526	5.200000	616.211284	9.327721
433.438448	5.200000	819.755564	8.972165
433.765380	5.200000	875.621886	-11.244704
434.094569	5.200000	622.377635	8.183043
434.420630	5.200000	725.660599	4.619983
434.746477	5.200000	926.073851	-10.655482
435.074593	5.200000	679.638564	8.492466
435.404638	5.200000	634.792372	4.860771
435.731672	5.200000	897.962946	-10.631103
436.058681	5.200000	790.632886	14.416509
436.385824	5.200000	578.105694	1.129680
436.715579	5.200000	800.477172	-10.352057
437.041577	5.200000	889.608976	16.222411
437.368914	5.200000	630.471825	-1.473236
437.694694	5.200000	688.457403	6.814078
438.023611	5.200000	915.149428	18.234219
438.351750	5.200000	733.412974	0.515707
438.678853	5.200000	622.514361	8.441458
439.004589	5.200000	852.460469	16.925268
439.333650	5.200000	834.385267	-5.907579
439.662611	5.200000	609.566391	8.453835
439.989435	5.200000	754.742260	5.354724
440.315589	5.200000	912.209815	-10.713991
440.645170	5.200000	651.719076	7.545443
440.971750	5.200000	663.819342	4.830767
441.297957	5.200000	914.069291	-10.680236
441.626730	5.200000	743.298279	13.848671
441.956815	5.200000	584.709569	4.036391
442.282837	5.200000	843.641630	-10.784128
442.608625	5.200000	855.974333	14.696302
442.935726	5.200000	597.657539	-0.979282
443.265694	5.200000	723.650725	4.411450
443.591978	5.200000	916.954214	18.436374
443.918775	5.200000	689.523866	0.408065
444.245983	5.200000	640.357129	7.874369
444.575715	5.200000	877.303618	18.327983
444.901866	5.200000	796.512111	-0.027004
445.228848	5.200000	612.506004	9.058054
445.555041	5.200000	792.574397	7.021486
445.882799	5.200000	888.706583	-11.549630
446.209840	5.200000	629.268635	8.336817
446.535835	5.200000	700.502980	5.037424
446.863199	5.200000	921.890030	-10.748872
447.193005	5.200000	699.956076	10.483276
447.519149	5.200000	612.177860	5.730533
447.845028	5.200000	885.753297	-10.844138
448.170901	5.200000	805.918874	14.511398
448.502027	5.200000	577.189628	-0.170277
448.828059	5.200000	782.798475	-7.737880
449.154077	5.200000	895.214750	17.155179
449.479882	5.200000	636.269015	-1.044917
449.809159	5.200000	670.013040	7.717595
450.135091	5.200000	908.108030	18.613401
450.463118	5.200000	740.331319	0.863763
450.789347	5.200000	619.410677	8.941786
451.118234	5.200000	835.451731	14.731180
451.444059	5.200000	842.834945	-6.846732
451.770993	5.200000	612.752111	9.131566
452.097961	5.200000	745.800367	5.105685
452.427179	5.200000	917.774571	-11.026043
452.753136	5.200000	655.766171	7.671838
453.079428	5.200000	654.699705	4.684119
453.406377	5.200000	912.018398	-10.413567
453.736170	5.200000	755.056731	13.997569
454.064137	5.200000	577.845914	3.615950
454.390746	5.200000	839.485154	-10.812633
454.717165	5.200000	861.921922	14.836198
455.046249	5.200000	598.559932	-0.996910
455.374147	5.200000	715.351445	5.244457
455.700437	5.200000	914.383762	19.112602
456.026230	5.200000	686.816688	0.289546
456.358322	5.200000	630.307754	7.699217
456.685449	5.200000	865.025606	18.263098
457.012286	5.200000	799.273980	-1.101551
457.339921	5.200000	608.992141	8.791388
457.669231	5.200000	768.373861	6.207983
457.995298	5.200000	892.575934	-11.821550
458.321418	5.200000	631.428909	8.026268
458.648591	5.200000	680.486265	4.492463
458.977435	5.200000	917.788244	-11.557131
459.303539	5.200000	710.839481	11.596073
459.630347	5.200000	598.532586	5.437612
459.957522	5.200000	873.625684	-11.051172
460.286479	5.200000	824.349565	14.206101
460.614402	5.200000	573.224569	-0.824007
460.941459	5.200000	760.717195	-2.464523
461.267643	5.200000	903.527702	17.789401
461.595592	5.200000	646.277372	-0.801878
461.923465	5.200000	656.955689	7.386043
462.250633	5.200000	894.818244	18.221467
462.576376	5.200000	749.122813	0.094515
462.906517	5.200000	614.707296	9.058804
463.232892	5.200000	812.454386	9.736909
463.559690	5.200000	855.700880	-10.897023
463.885522	5.200000	615.924159	8.636863
464.216492	5.200000	712.507539	4.577977
464.542705	5.200000	916.420982	-11.530127
464.868560	5.200000	671.640082	8.031144
465.194651	5.200000	630.362443	5.119187
465.523990	5.200000	899.562642	-10.687362
465.851005	5.200000	775.046100	13.889553
466.177614	5.200000	565.499539	2.400382
466.504758	5.200000	818.401975	-11.137061
466.833764	5.200000	876.551624	16.015754
467.159632	5.200000	599.175199	-0.562965
467.486647	5.200000	699.750987	6.637801
467.813667	5.200000	911.977381	18.794929
468.141870	5.200000	698.342706	0.947776
468.467831	5.200000	624.825034	7.930628
468.794925	5.200000	857.245886	18.562019
469.121883	5.200000	801.871778	-1.857673
469.452793	5.200000	605.546641	8.640239
469.779784	5.200000	754.209028	5.651771
470.107062	5.200000	895.652273	-11.508748
470.432734	5.200000	632.714135	8.539348
470.761803	5.200000	658.787818	5.004044
471.089289	5.200000	908.477190	-10.800631
471.415925	5.200000	717.853534	12.502213
471.741847	5.200000	576.410289	5.236580
472.071880	5.200000	853.855077	-10.956657
472.398429	5.200000	830.269809	14.813320
472.724800	5.200000	564.761217	-1.086549
473.051866	5.200000	745.663642	0.650728
473.381837	5.200000	903.144869	18.539515
473.707892	5.200000	646.578170	-0.078763
474.033773	5.200000	644.294843	7.757351
474.363791	5.200000	882.075363	18.413871
474.692877	5.200000	761.920385	-0.219785
475.019134	5.200000	602.292558	9.491622
475.346012	5.200000	793.599844	7.999639
475.672973	5.200000	862.072321	-12.574300
476.001988	5.200000	613.271671	8.349194
476.327960	5.200000	692.654896	4.783884
476.654949	5.200000	910.842553	-11.067675
476.981014	5.200000	672.145969	8.438832
477.308983	5.200000	605.984164	4.913655
477.635967	5.200000	887.038523	-11.153189
477.963169	5.200000	781.280814	14.155469
478.290163	5.200000	553.221527	1.793911
478.620088	5.200000	792.041166	-11.059799
478.948520	5.200000	882.417178	16.394937
479.275194	5.200000	605.970491	-1.222321
479.601384	5.200000	679.638564	6.805077
479.931073	5.200000	905.346161	18.379366
480.258307	5.200000	712.370813	1.201692
480.584218	5.200000	612.423968	8.424580
480.911143	5.200000	835.424386	16.649226
481.241113	5.200000	821.341588	-6.052727
481.567189	5.200000	601.554236	8.954163
481.893322	5.200000	733.563373	5.251583
482.220089	5.200000	898.632904	-11.866557
482.549196	5.200000	641.546647	8.008640
482.875180	5.200000	639.290664	4.541221
483.202210	5.200000	901.326410	-11.201197
483.529393	5.200000	728.777957	13.225700
483.858244	5.200000	560.522705	4.664990
484.184258	5.200000	841.153213	-10.898897
484.513143	5.200000	843.833047	14.702303
484.839864	5.200000	568.111009	-0.702487
485.168196	5.200000	719.275487	4.444830
485.496312	5.200000	904.607839	19.070596
485.824182	5.200000	662.725533	0.684484
486.150342	5.200000	627.272433	7.588950
486.478461	5.200000	866.638976	18.622028
486.805515	5.200000	767.129653	-0.463949
487.131415	5.200000	597.794266	9.587262
487.457474	5.200000	779.393992	7.143380
487.787473	5.200000	872.408821	-12.508289
488.114825	5.200000	617.086331	8.216423
488.440383	5.200000	678.312319	4.490963
488.767370	5.200000	908.012321	-11.169692
489.097640	5.200000	688.717183	10.471274
489.424436	5.200000	586.910860	5.668273
489.750449	5.200000	874.528077	-10.976910
490.076622	5.200000	791.767713	14.515149
490.406698	5.200000	549.529920	0.503705
490.732646	5.200000	774.581231	-7.804265
491.060505	5.200000	882.977756	17.192309
491.386860	5.200000	607.310408	-0.213034
491.715487	5.200000	659.321052	7.287778
492.041668	5.200000	893.929524	18.075194
492.368679	5.200000	709.855051	1.296207
492.694641	5.200000	607.077974	9.045677
493.023699	5.200000	817.417546	14.902207
493.352273	5.200000	822.394380	-8.729916
493.678532	5.200000	599.626397	8.672119
494.004598	5.200000	715.843658	5.494996
494.333632	5.200000	897.771529	-11.649396
494.661558	5.200000	647.494236	7.636582
494.988165	5.200000	623.471443	4.726500
495.314637	5.200000	894.298684	-11.131811
495.643668	5.200000	744.938993	13.676145
495.969748	5.200000	548.736908	4.001511
496.295868	5.200000	827.248160	-11.339970
496.623711	5.200000	848.960279	14.879330
496.953468	5.200000	570.941241	-0.869014
497.279806	5.200000	706.600969	4.552098
497.605771	5.200000	900.328309	18.709041
497.932781	5.200000	658.514366	0.586969
498.261890	5.200000	617.523855	7.539817
498.588050	5.200000	854.907868	18.128827
498.915754	5.200000	767.936337	-0.600471
499.242097	5.200000	595.551956	8.757257
499.571803	5.200000	756.136867	6.619798
499.898864	5.200000	873.119797	-12.784710
500.225482	5.200000	617.195712	8.058898
500.552147	5.200000	659.485122	4.456833
500.880771	5.200000	902.064732	-11.986577
501.208805	5.200000	694.582737	11.094996
501.535679	5.200000	570.941241	5.409108
501.861956	5.200000	859.529214	-11.089429
502.190572	5.200000	805.303606	13.983317
502.517154	5.200000	543.363568	-0.432444
502.844524	5.200000	757.107624	-6.471302
503.170939	5.200000	883.469970	17.380588
503.503992	5.200000	618.221158	-0.703988
503.830189	5.200000	642.421695	7.055241
504.155955	5.200000	878.192339	18.409745
504.483009	5.200000	719.644646	0.372810
504.816017	5.200000	599.134183	9.282339
505.142058	5.200000	784.452862	9.324720
505.468066	5.200000	833.250439	-13.049505
505.794150	5.200000	592.174819	8.424955
506.123151	5.200000	685.572479	4.873898
506.449515	5.200000	893.163857	-12.807589
506.777093	5.200000	652.553105	8.479339
507.104441	5.200000	593.760842	5.244457
507.433136	5.200000	876.114101	-12.548796
507.760179	5.200000	760.060909	13.964564
508.087408	5.200000	532.712598	2.102960
508.414085	5.200000	793.982677	-12.088969
508.742285	5.200000	858.968636	15.280642
509.069093	5.200000	573.374967	-0.826257
509.395947	5.200000	678.353338	6.079713
509.723357	5.200000	890.866857	18.261973
510.053238	5.200000	676.849348	1.211068
510.381133	5.200000	607.638552	8.081027
510.707436	5.200000	822.408053	18.410495
511.033133	5.200000	782.019135	-3.618207
511.362218	5.200000	592.024421	8.785012
511.688783	5.200000	723.008111	5.696778
512.015166	5.200000	875.074982	-12.899104
512.343347	5.200000	624.852379	7.523314
512.673320	5.200000	624.852378	4.724625
513.000457	5.200000	890.265262	-12.058214
513.326157	5.200000	712.739975	12.765504
513.653357	5.200000	547.902878	5.329970
513.984030	5.200000	831.937868	-11.967074
514.311429	5.200000	829.777594	14.317869
514.638066	5.200000	544.812866	-1.004036
514.964639	5.200000	723.254219	2.562407
515.293853	5.200000	892.863059	18.894319
515.620397	5.200000	632.604753	-0.133521
515.947672	5.200000	627.983409	7.125752
516.275005	5.200000	859.693285	18.055316
516.603327	5.200000	742.710355	0.095265
516.929361	5.200000	597.848956	9.107562
517.256514	5.200000	763.684153	7.257398
517.582813	5.200000	844.557696	-13.674734
517.911576	5.200000	610.742236	8.072025
518.237787	5.200000	662.616152	4.504465
518.563461	5.200000	896.677720	-11.839178
518.889717	5.200000	671.229903	9.068181
519.218528	5.200000	576.410288	4.694620
519.544724	5.200000	871.684172	-11.590512
519.870544	5.200000	774.294106	13.939435
520.196717	5.200000	527.489657	1.256450
520.527532	5.200000	782.743785	-12.098721
520.854626	5.200000	867.418315	15.635446
521.180509	5.200000	575.207098	-1.442481
521.507616	5.200000	673.731992	6.029830
521.836777	5.200000	885.725952	18.018561
522.162574	5.200000	679.119003	0.898643
522.489751	5.200000	613.353706	7.929128
522.817057	5.200000	817.089404	16.714486
523.145920	5.200000	791.658332	-6.554935
523.472556	5.200000	599.790468	7.967384
523.799658	5.200000	709.335492	4.818015
524.126666	5.200000	877.823178	-12.405522
524.456847	5.200000	640.452838	7.270525
524.783796	5.200000	609.853514	4.475586
525.111004	5.200000	888.036625	-11.866182
525.437827	5.200000	728.791630	12.710746
525.766871	5.200000	532.398127	3.887868
526.093781	5.200000	827.535285	-11.718033
526.419866	5.200000	836.066999	13.927433
526.745989	5.200000	539.562580	-1.400849
527.077873	5.200000	713.929493	3.785101
527.404950	5.200000	892.493899	18.428123
527.730762	5.200000	633.739580	0.202157
528.057838	5.200000	632.016832	6.795325
528.389610	5.200000	842.192333	17.729767
528.715914	5.200000	750.216623	-1.075672
529.041891	5.200000	605.409915	9.091059
529.369818	5.200000	743.845182	6.152475
529.700089	5.200000	860.486297	-13.203655
530.025837	5.200000	627.614248	7.720595
530.351949	5.200000	644.158116	3.932500
530.678210	5.200000	893.587708	-11.949071
531.008160	5.200000	698.055582	10.038081
531.333909	5.200000	556.133794	4.224296
531.661931	5.200000	860.691386	-12.284002
531.989066	5.200000	801.953815	13.518245
532.318108	5.200000	523.702342	-0.983782
532.644055	5.200000	762.932160	-7.397703
532.970050	5.200000	877.413000	16.578716
533.296402	5.200000	583.355979	-1.557625
533.626143	5.200000	659.156980	6.318626
533.976142	5.200000	838.774178	17.919170
534.302383	5.200000	744.392087	-1.346841
534.630131	5.200000	610.796927	8.460586
534.956228	5.200000	743.052171	6.203107
535.283152	5.200000	848.755190	-13.358556
535.611075	5.200000	628.120135	7.741974
535.939439	5.200000	638.224199	4.243799
536.266206	5.200000	890.689113	-12.121600
536.592486	5.200000	692.736933	9.460117
536.919204	5.200000	554.383699	4.723125
537.247543	5.200000	860.759749	-12.284377
537.574244	5.200000	796.758219	13.255330
537.900242	5.200000	518.493074	-0.099016
538.226333	5.200000	774.266761	-9.521297
538.554252	5.200000	874.405024	15.970747
538.880301	5.200000	574.373068	-2.252986
539.206383	5.200000	672.515129	6.523783
539.533284	5.200000	879.217786	17.470227
539.863357	5.200000	682.236360	0.499955
540.190603	5.200000	620.477141	8.435082
540.517057	5.200000	793.572499	14.434885
540.844359	5.200000	790.687576	-8.337226
541.173509	5.200000	614.597915	8.100155
541.499438	5.200000	685.066592	4.558849
541.826443	5.200000	875.963702	-12.748704
542.153546	5.200000	651.185844	6.930347
542.481391	5.200000	591.081008	4.208919
542.808376	5.200000	880.557702	-12.432526
543.135054	5.200000	740.823535	12.605354
543.461658	5.200000	521.870211	3.595321
543.789998	5.200000	822.558452	-12.063840
544.118481	5.200000	840.784053	14.336246
544.445882	5.200000	535.036943	-1.809290
544.773409	5.200000	709.431201	3.542063
545.098619	5.200000	885.575554	18.297228
545.425905	5.200000	623.621842	0.053634
545.752481	5.200000	634.573611	6.329127
546.079447	5.200000	839.717589	17.736143
546.409525	5.200000	736.803784	-1.223821
546.735629	5.200000	607.734260	8.714501
547.061513	5.200000	737.309671	5.968696
547.388736	5.200000	840.510600	-13.835261
547.716576	5.200000	627.805665	7.763352
548.042547	5.200000	638.538669	4.253551
548.368672	5.200000	886.204494	-12.864223
548.694849	5.200000	684.738451	8.755007
549.023720	5.200000	549.707663	4.629735
549.349650	5.200000	861.347672	-12.081468
549.676628	5.200000	782.757457	13.385475
550.002788	5.200000	508.347990	0.227286
550.329628	5.200000	775.018755	-11.804672
550.656783	5.200000	864.410339	15.688329
550.978625	5.200000	553.577014	-1.687020
551.300228	5.200000	693.707689	5.140940
551.627820	5.200000	879.272476	17.991181
551.954058	5.200000	638.620705	0.737368
552.279780	5.200000	625.235213	6.846708
552.606842	5.200000	817.896088	17.336707
552.935873	5.200000	748.972415	-3.122002
553.262891	5.200000	609.867189	8.262180
553.600939	5.200000	687.951515	4.340939
553.926832	5.200000	866.010035	-13.143270
554.256810	5.200000	648.984552	6.861336
554.580262	5.200000	599.462324	4.112528
554.906924	5.200000	884.262982	-12.673692
555.229183	5.200000	714.544761	11.158755
555.559000	5.200000	523.592960	4.225421
555.884728	5.200000	841.549720	-12.780584
556.212842	5.200000	820.781011	13.254580
556.539456	5.200000	516.319127	-1.592130
556.867991	5.200000	736.188517	0.025503
557.193934	5.200000	880.475667	17.603372
557.522911	5.200000	602.237865	-1.200192
557.850110	5.200000	648.246231	6.369634
558.178972	5.200000	847.251202	17.188934
558.505970	5.200000	713.833783	-0.571216
558.832288	5.200000	619.561076	8.570103
559.159974	5.200000	750.243968	7.016235
559.489595	5.200000	828.013826	-14.226451
559.816919	5.200000	628.721731	7.247271
560.143302	5.200000	640.370800	3.593071
560.470074	5.200000	881.008899	-12.902480
560.800034	5.200000	686.967088	8.197670
561.126208	5.200000	548.258365	3.877366
561.452153	5.200000	863.220821	-12.437402
561.779038	5.200000	778.054076	13.293211
562.110954	5.200000	503.302794	-0.120769
562.437682	5.200000	772.872154	-10.818635
562.764276	5.200000	864.013833	15.818849
563.091224	5.200000	559.264824	-2.120215
563.422897	5.200000	666.840993	6.014078
563.749326	5.200000	865.750256	17.456725
564.075153	5.200000	667.196479	0.646228
564.402504	5.200000	626.164951	8.007140
564.731935	5.200000	777.179028	12.608354
565.059161	5.200000	782.894183	-9.070847
565.386781	5.200000	619.246605	7.596826
565.713822	5.200000	669.862640	4.166162
566.042283	5.200000	870.371601	-12.708948
566.370271	5.200000	661.973540	7.169634
566.697205	5.200000	573.046824	3.976382
567.023485	5.200000	873.283869	-12.366140
567.352249	5.200000	749.888481	12.876896
567.680406	5.200000	503.494210	2.321995
568.007404	5.200000	809.678844	-12.412648
568.333240	5.200000	842.670875	14.018572
568.664322	5.200000	531.372681	-1.215195
568.990549	5.200000	702.157368	4.829266
569.316435	5.200000	878.670881	17.999433
569.642466	5.200000	619.588419	0.650354
569.971428	5.200000	634.122415	7.028987
570.298456	5.200000	816.118648	17.454475
570.624548	5.200000	729.858093	-1.744405
570.951497	5.200000	616.156594	8.631238
571.280819	5.200000	706.888093	5.892934
571.606307	5.200000	835.082571	-13.325550
571.932462	5.200000	629.213945	7.410422
572.259495	5.200000	611.658300	3.579569
572.588223	5.200000	875.239053	-12.256622
572.914326	5.200000	697.235225	9.933440
573.240544	5.200000	526.833371	4.353316
573.566623	5.200000	849.356785	-12.284752
573.895926	5.200000	795.390958	13.263581
574.223658	5.200000	492.692841	-0.628225
574.549730	5.200000	760.060910	-7.659119
574.876052	5.200000	864.752155	16.678106
575.205608	5.200000	563.106829	-1.812290
575.531604	5.200000	662.178629	6.444645
575.858730	5.200000	855.359065	17.773273
576.184607	5.200000	663.573235	0.920397
576.514596	5.200000	622.254582	8.717126
576.840755	5.200000	763.752516	12.276427
577.166666	5.200000	776.413362	-9.545675
577.493729	5.200000	619.328641	8.126034
577.823738	5.200000	653.264080	4.133907
578.149760	5.200000	863.015732	-12.921608
578.475733	5.200000	658.336624	7.503061
578.802655	5.200000	563.776788	4.067146
579.131724	5.200000	869.414518	-12.393520
579.458762	5.200000	747.263338	12.678866
579.784772	5.200000	490.942746	3.231514
580.112037	5.200000	810.239422	-12.052963
580.440875	5.200000	838.364000	14.170471
580.766689	5.200000	509.783615	-1.555374
581.093820	5.200000	708.228011	4.096776
581.420863	5.200000	871.602137	17.631877
581.749817	5.200000	608.253818	0.565965
582.075844	5.200000	633.671219	7.028612
582.402930	5.200000	811.579338	17.319454
582.728904	5.200000	713.806438	-0.902395
583.057931	5.200000	616.662480	8.799639
583.385288	5.200000	704.044188	5.914312
583.711862	5.200000	826.373112	-13.875767
584.038087	5.200000	631.237492	7.477182
584.366951	5.200000	601.581580	3.664332
584.694109	5.200000	869.975095	-12.162482
585.020944	5.200000	698.506779	10.076713
585.346911	5.200000	517.877805	4.328187
585.676201	5.200000	843.450214	-12.244245
586.002022	5.200000	795.103833	13.217074
586.327939	5.200000	486.034276	0.094140
586.654987	5.200000	764.777963	-8.719791
586.984084	5.200000	864.806845	16.676230
587.310157	5.200000	551.061252	-1.505116
587.637567	5.200000	662.916951	6.051584
587.964865	5.200000	852.884321	17.718140
588.293164	5.200000	659.526140	0.890017
588.619305	5.200000	624.578927	8.416704
588.946530	5.200000	760.047236	12.682615
589.273033	5.200000	767.539832	-9.096726
589.602240	5.200000	614.926058	7.851866
589.929108	5.200000	647.193437	4.212669
590.256504	5.200000	853.978131	-12.478284
590.581954	5.200000	654.809088	7.201889
590.912205	5.200000	551.061252	4.183790
591.239223	5.200000	858.421732	-12.335385
591.565283	5.200000	740.850880	12.412575
591.891299	5.200000	486.922996	2.659548
592.222719	5.200000	796.183969	-12.202613
592.549542	5.200000	833.045351	14.094334
592.875333	5.200000	506.912365	-1.469485
593.202302	5.200000	697.385624	4.336814
593.533606	5.200000	862.509845	17.804403
593.859434	5.200000	607.624877	0.339429
594.185600	5.200000	629.063546	7.105499
594.512463	5.200000	801.830761	17.448849
594.841457	5.200000	721.681867	-2.508403
595.167332	5.200000	614.338135	8.476338
595.494654	5.200000	691.547414	5.198700
595.821539	5.200000	825.675809	-13.544962
596.150374	5.200000	634.013034	7.398045
596.476320	5.200000	589.043788	3.703714
596.803372	5.200000	865.873309	-12.218366
597.129573	5.200000	695.867963	10.026830
597.458307	5.200000	506.078335	3.977132
597.784292	5.200000	836.299434	-11.860556
598.110348	5.200000	790.496160	13.370473
598.436855	5.200000	478.596371	-0.491704
598.765435	5.200000	748.275112	-6.814482
599.091585	5.400000	856.685309	2.876704
600.242480	0.740000	1088.313149	3.560441
600.576716	0.274000	1059.737375	0.405440
