15.340000	-395.719576	2.000000	-2.840837	-2.632742	-1.420418
55.938999	-732.442790	2.000000	-1.670266	-2.765950	-0.835133
96.500000	-1115.895423	2.000000	-1.792161	-2.895020	-0.896080
137.539001	-1398.205274	2.000000	-1.965440	-3.016334	-0.982720
178.179993	-1785.525680	2.000000	-1.833793	-3.134641	-0.916896
218.699997	-2145.023913	2.000000	-1.848045	-3.248836	-0.924023
259.179993	-2423.939498	2.000000	-2.023950	-3.357268	-1.011975
300.079010	-2758.824880	2.000000	-2.003696	-3.461362	-1.001848
340.279999	-3061.736987	2.000000	-1.457605	-3.562111	-0.728803
380.980011	-3394.143000	2.000000	-1.534868	-3.658965	-0.767434
421.500000	-3799.633377	2.000000	-2.135718	-3.754439	-1.067859
462.160004	-4083.896261	2.000000	-2.790203	-3.846662	-1.395102
503.140015	-4404.944803	2.000000	-2.063331	-3.936150	-1.031666
544.018982	-4760.604436	2.000000	-2.438769	-4.023566	-1.219385
584.679993	-5056.826871	2.000000	-1.932059	-4.108948	-0.966030
625.479980	-5507.613880	2.000000	-2.174350	-4.194241	-1.087175
665.979980	-5806.054656	2.000000	-1.805288	-4.276932	-0.902644
706.239990	-6137.776006	2.000000	-1.803788	-4.358425	-0.901894
747.219971	-6416.684384	2.000000	-2.088085	-4.437435	-1.044043
788.299988	-6800.946561	2.000000	-2.647679	-4.515462	-1.323840
829.500000	-7128.620486	2.000000	-2.108714	-4.593102	-1.054357
869.760010	-7395.821148	2.000000	-1.950813	-4.667799	-0.975406
910.299988	-7767.815315	2.000000	-2.172850	-4.742408	-1.086425
950.919983	-8004.102787	2.000000	-2.145470	-4.815110	-1.072735
991.838989	-8405.329866	2.000000	-1.545370	-4.887998	-0.772685
1032.060059	-8693.365312	2.000000	-2.305622	-4.959012	-1.152811
1073.160034	-9015.201783	2.000000	-1.881051	-5.029821	-0.940525
1114.099976	-9386.542904	2.000000	-2.724567	-5.100112	-1.362284
1154.818970	-9647.659985	2.000000	-1.652638	-5.169245	-0.826319
1195.479980	-9981.440214	2.000000	-2.130092	-5.237966	-1.065046
1236.140015	-10241.582065	2.000000	-1.872799	-5.304443	-0.936400
1277.160034	-10482.698037	2.000000	-2.087335	-5.369938	-1.043668
1317.900024	-10868.928341	2.000000	-1.954563	-5.435782	-0.977282
1358.819946	-11155.429054	2.000000	-1.774908	-5.501117	-0.887454
1399.560059	-11449.522464	2.000000	-1.163556	-5.565882	-0.581778
1440.279053	-11856.820984	2.000000	-2.083960	-5.631362	-1.041980
1480.560059	-12139.936162	2.000000	-2.174725	-5.696560	-1.087362
1521.479980	-12524.491427	2.000000	-2.052455	-5.762240	-1.026227
1562.099976	-12787.838710	2.000000	-1.751654	-5.826372	-0.875827
1603.459961	-13118.083182	2.000000	-1.825542	-5.891267	-0.912771
1644.279053	-13428.183432	2.000000	-1.628634	-5.955139	-0.814317
1684.760010	-13708.357951	2.000000	-2.048704	-6.018093	-1.024352
1725.359985	-13992.123694	2.000000	-1.651137	-6.080820	-0.825569
1766.078979	-14238.610443	2.000000	-0.875133	-6.141694	-0.437567
1807.160034	-14606.374186	2.000000	-1.389344	-6.204404	-0.694672
1847.678955	-14963.672622	2.000000	-0.877008	-6.267347	-0.438504
1888.979980	-15195.897908	2.000000	-2.020199	-6.327805	-1.010100
1929.560059	-15460.477520	2.000000	-2.663432	-6.388588	-1.331716
1970.319946	-15875.200148	2.000000	-3.017116	-6.450348	-1.508558
2011.199951	-16256.918976	2.000000	-1.247945	-6.514065	-0.623973
2051.439941	-16543.285223	2.000000	-2.256114	-6.576775	-1.128057
2091.800049	-16857.593984	2.000000	-2.293620	-6.639061	-1.146810
2132.919922	-17232.473263	2.000000	-2.122966	-6.702717	-1.061483
2173.878906	-17476.772531	2.000000	-2.250488	-6.764935	-1.125244
2215.099121	-17861.639024	2.000000	-1.834168	-6.827842	-0.917084
2255.219971	-18201.086522	2.000000	-2.447396	-6.891602	-1.223698
2295.939941	-18445.112652	2.000000	-2.357756	-6.953199	-1.178878
2336.459961	-18792.632066	2.000000	-2.251613	-7.016422	-1.125806
2377.280029	-19156.397370	2.000000	-1.055538	-7.079726	-0.527769
2417.919922	-19478.197884	2.000000	-1.920807	-7.142786	-0.960404
2458.138916	-19824.726227	2.000000	-1.800412	-7.206322	-0.900206
2499.399902	-20057.979763	2.000000	-2.013073	-7.268492	-1.006536
2540.079102	-20378.960085	2.000000	-1.820291	-7.330217	-0.910145
2581.138916	-20740.674581	2.000000	-2.590670	-7.393345	-1.295335
2622.099121	-21092.744561	2.000000	-1.680392	-7.455968	-0.840196
2663.159912	-21392.725927	2.000000	-1.826667	-7.519044	-0.913333
2704.179932	-21683.336289	2.000000	-1.151554	-7.581526	-0.575777
2744.800049	-22039.135038	2.000000	-2.176600	-7.643957	-1.088300
2785.219971	-22302.931814	2.000000	-1.031159	-7.706147	-0.515580
2826.020020	-22645.666094	2.000000	-1.424600	-7.768875	-0.712300
2866.379883	-22867.976685	2.000000	-1.383718	-7.828977	-0.691859
2906.939941	-23129.003682	2.000000	-1.611006	-7.889272	-0.805503
2948.159912	-23459.186671	2.000000	-1.257697	-7.949306	-0.628848
2988.939941	-23742.171576	2.000000	-2.382135	-8.008944	-1.191067
3029.899902	-24039.726638	2.000000	-1.017657	-8.069039	-0.508828
3070.379883	-24425.454120	2.000000	-2.846087	-8.130377	-1.423044
3110.760010	-24690.928442	2.000000	-2.768449	-8.190545	-1.384225
3151.620117	-24877.088922	2.000000	-1.617757	-8.247748	-0.808878
3192.280029	-25194.789808	2.000000	-1.322958	-8.306089	-0.661479
3233.159912	-25507.292294	2.000000	-2.454147	-8.364567	-1.227073
3274.159912	-25764.526484	2.000000	-1.819541	-8.422868	-0.909770
3314.919922	-26082.759500	2.000000	-1.865673	-8.481890	-0.932837
3355.739990	-26329.962683	2.000000	-2.456397	-8.539214	-1.228199
3396.100098	-26638.556542	2.000000	-1.186810	-8.596946	-0.593405
3436.620117	-26798.322598	2.000000	-1.168057	-8.652380	-0.584028
3478.620117	-27028.981882	2.000000	-1.796287	-8.706948	-0.898143
3519.620117	-27372.304697	2.000000	-2.368632	-8.762782	-1.184316
3560.199951	-27619.781572	2.000000	-2.405764	-8.817374	-1.202882
3600.600098	-27861.242480	2.000000	-1.582876	-8.871742	-0.791438
3641.439941	-27970.898015	2.000000	-2.850213	-8.922922	-1.425107
3682.760010	-28317.160722	2.000000	-1.902429	-8.975744	-0.951215
3723.719971	-28546.521363	2.000000	-1.699521	-9.027965	-0.849760
3764.139893	-28805.893774	2.000000	-1.656388	-9.079378	-0.828194
3804.879883	-28915.549390	2.000000	-1.857797	-9.128683	-0.928898
3845.340088	-28975.504491	2.000000	-1.674391	-9.174952	-0.837196
3886.139893	-29063.146959	2.000000	-2.405764	-9.217857	-1.202882
3926.658936	-28974.410669	2.000000	-2.073083	-9.256140	-1.036541
3967.320068	-28712.303670	2.000000	-2.103838	-9.285563	-1.051919
4009.020020	-28041.996372	2.000000	-1.372466	-9.301024	-0.686233
4050.158936	-26733.650500	2.000000	1.594652	-9.294046	0.797326
4090.139893	-27082.442339	2.000000	2.668454	-9.292460	1.334227
4131.159180	-27308.863119	2.000000	-5.184606	-9.295272	-2.592303
4172.040039	-27255.402653	2.000000	8.321000	-9.296506	4.160500
4212.839844	-27913.882605	2.000000	-3.577835	-9.309154	-1.788918
4253.640137	-28204.428786	2.000000	-5.719072	-9.326217	-2.859536
4294.399902	-28114.940556	2.000000	0.956296	-9.338449	0.478148
4335.199219	-28454.982193	2.000000	4.616898	-9.358019	2.308449
4375.459961	-29322.109294	2.000000	0.192670	-9.390502	0.096335
4416.159180	-29836.274114	2.000000	-1.615131	-9.428649	-0.807566
4457.020020	-29450.906843	2.000000	-2.507406	-9.456278	-1.253703
4497.839844	-29673.157848	2.000000	-12.445320	-9.484123	-6.222660
4538.939941	-29528.841673	2.000000	-3.111257	-9.508515	-1.555628
4580.020020	-31159.526596	2.000000	-4.019660	-9.558894	-2.009830
4620.679199	-31261.935845	2.000000	-1.776033	-9.606477	-0.888017
4661.060059	-29955.432407	2.000000	8.952602	-9.627770	4.476301
4702.120117	-30659.991089	2.000000	-2.504030	-9.658442	-1.252015
4743.278809	-31758.805417	2.000000	-2.849463	-9.707812	-1.424732
4784.299805	-31874.545704	2.000000	3.112527	-9.752527	1.556263
4824.858887	-32627.849146	2.000000	-0.803871	-9.806279	-0.401936
4864.699219	-32749.605563	2.000000	2.673704	-9.857058	1.336852
4905.299805	-33274.436721	2.000000	-3.758991	-9.913790	-1.879495
4946.358887	-33179.342246	2.000000	4.625525	-9.963256	2.312762
4987.040039	-33328.649463	2.000000	5.775087	-10.011183	2.887544
5027.899902	-33457.515828	2.000000	3.938037	-10.056916	1.969019
5068.379883	-34312.272806	2.000000	-10.338755	-10.111893	-5.169378
5109.479980	-34546.556873	2.000000	-1.935060	-10.168985	-0.967530
5149.199219	-34993.863891	2.000000	-1.340586	-10.226894	-0.670293
5189.758789	-35315.654343	2.000000	3.292556	-10.286398	1.646278
5230.560059	-35485.197686	2.000000	6.324176	-10.341735	3.162088
5271.339844	-35961.081391	2.000000	-7.306113	-10.401503	-3.653057
5311.740234	-36691.212273	2.000000	2.915619	-10.468104	1.457810
5353.319824	-36512.576268	2.000000	-4.174936	-10.525260	-2.087468
5394.199219	-36046.400028	2.000000	-14.920366	-10.570472	-7.460183
5434.699219	-36544.912596	2.000000	10.983928	-10.619129	5.491964
5475.419922	-36923.035778	2.000000	-11.232563	-10.671126	-5.616282
5515.939941	-37876.172112	2.000000	-0.693228	-10.734787	-0.346614
5556.500000	-37816.216513	2.000000	1.318231	-10.790366	0.659115
5597.220215	-38450.159999	2.000000	-8.908363	-10.853314	-4.454181
5637.779785	-38540.674559	2.000000	-0.908889	-10.913626	-0.454444
5678.959961	-38979.027667	2.000000	-3.254156	-10.973963	-1.627078
5719.660156	-39299.725622	2.000000	-2.915474	-11.035741	-1.457737
5760.180176	-40174.792036	2.000000	-5.998048	-11.106516	-2.999024
5800.479980	-40349.668693	2.000000	-0.045120	-11.173301	-0.022560
5840.979980	-40310.837595	2.000000	-2.287244	-11.235136	-1.143622
5881.919922	-40689.099051	2.000000	3.195415	-11.298148	1.597708
5923.040039	-40725.810861	2.000000	-3.688479	-11.354880	-1.844239
5963.339844	-41735.352088	2.000000	-0.737860	-11.424878	-0.368930
6004.660156	-41745.333337	2.000000	8.550912	-11.488058	4.275456
6045.379883	-42295.737883	2.000000	1.910829	-11.555316	0.955414
6085.959961	-42535.903338	2.000000	-2.078334	-11.621397	-1.039167
6126.439941	-42503.703525	2.000000	5.575180	-11.680588	2.787590
6167.560059	-43110.714648	2.000000	-6.603675	-11.745163	-3.301838
6208.060059	-43678.279682	2.000000	-0.257405	-11.814039	-0.128703
6248.839844	-43897.047326	2.000000	-7.897482	-11.879639	-3.948741
6289.699219	-44368.286707	2.000000	3.941788	-11.948179	1.970894
6330.140137	-44535.028809	2.000000	-1.368340	-12.013538	-0.684170
6370.479980	-44998.201497	2.000000	1.247344	-12.080508	0.623672
6410.879883	-45528.303828	2.000000	-0.251779	-12.151916	-0.125890
6451.899902	-46021.352644	2.000000	-5.957987	-12.225415	-2.978994
6493.199219	-45972.950168	2.000000	1.431125	-12.290502	0.715562
6533.859863	-46227.336665	2.000000	-6.977408	-12.354669	-3.488704
6575.000000	-46532.860361	2.000000	-6.019811	-12.417537	-3.009906
6615.299805	-46982.361210	2.000000	-2.561790	-12.483858	-1.280895
6656.020020	-47316.666958	2.000000	-4.099923	-12.549811	-2.049962
6696.899902	-47562.234793	2.000000	-4.029411	-12.613913	-2.014706
6738.040039	-47671.550790	2.000000	-12.067835	-12.674123	-6.033917
6779.159180	-47935.098804	2.000000	-7.291854	-12.733827	-3.645927
6819.839844	-48700.790068	2.000000	0.071524	-12.801574	0.035762
6860.379883	-48707.148044	2.000000	-5.273496	-12.863185	-2.636748
6901.219238	-49185.158574	2.000000	-3.730111	-12.926639	-1.865055
6942.200195	-49597.675354	2.000000	-0.234901	-12.992800	-0.117451
6983.479980	-49884.605048	2.000000	-5.460713	-13.056606	-2.730356
7023.939941	-49771.802081	2.000000	4.154823	-13.112882	2.077411
7064.299805	-50099.204197	2.000000	-11.138004	-13.169406	-5.569002
7105.000000	-50750.453878	2.000000	-4.614135	-13.231282	-2.307067
7145.439941	-50630.062200	2.000000	0.421457	-13.284834	0.210729
7185.859863	-50968.608300	2.000000	-5.441201	-13.340013	-2.720600
7226.399902	-51698.547618	2.000000	-0.607713	-13.400302	-0.303857
7266.379883	-51880.263455	2.000000	-5.381515	-13.456699	-2.690757
7307.259766	-52002.364493	2.000000	-0.975650	-13.510155	-0.487825
7348.659180	-51975.291696	2.000000	-3.372676	-13.558548	-1.686338
7389.700195	-52064.098677	2.000000	-8.326750	-13.597705	-4.163375
7430.259766	-52671.732890	2.000000	-2.624800	-13.597705	-1.312400
7470.640137	-52710.359521	2.000000	-1.509739	-13.597705	-0.754869
7511.779785	-52731.005969	2.000000	-2.016448	-13.597705	-1.008224
7552.259766	-52701.813806	2.000000	-2.306372	-13.597705	-1.153186
7593.359863	-52667.630947	2.000000	-1.815790	-13.597705	-0.907895
7634.659180	-52596.598972	2.000000	-1.217190	-13.597705	-0.608595
7675.200195	-52522.764010	2.000000	-1.809414	-13.597705	-0.904707
7715.879883	-52383.708188	2.000000	-1.780909	-13.597705	-0.890455
7756.339844	-52110.313860	2.000000	-1.524741	-13.597705	-0.762371
7797.279785	-51699.436371	2.000000	-1.671391	-13.597705	-0.835695
7838.779785	-51149.298461	2.000000	-1.345836	-13.597705	-0.672918
7879.459961	-50519.993733	2.000000	-1.371716	-13.597705	-0.685858
7920.219238	-49855.413006	2.000000	-1.999946	-13.597705	-0.999973
7960.740234	-49074.201582	2.000000	-0.530076	-13.597705	-0.265038
8000.939941	-47896.540801	2.000000	-4.455483	-13.597705	-2.227742
8042.200195	-46657.216539	2.000000	0.284935	-13.597705	0.142467
8082.899902	-42667.368838	2.000000	-4.651266	-13.576028	-2.325633
8123.680176	-22115.301954	2.000000	-1.851421	-13.091822	-0.925710
8164.439941	-8237.668503	2.000000	-1.680392	-12.418170	-0.840196
8205.280273	463.573405	2.000000	-1.887427	-11.658534	-0.943713
8245.540039	5893.097004	2.000000	-2.237360	-10.877634	-1.118680
8286.440430	9305.797778	2.000000	-1.591127	-10.107888	-0.795564
8327.139648	11489.328918	2.000000	-1.740777	-9.371013	-0.870389
8368.120117	12846.218747	2.000000	-1.820291	-8.676652	-0.910145
8409.040039	13704.699105	2.000000	-1.324458	-8.031751	-0.662229
8449.899414	14258.277817	2.000000	-1.509364	-7.432728	-0.754682
8490.660156	14604.085224	2.000000	-1.541619	-6.881030	-0.770810
8531.660156	14822.083196	2.000000	-1.872799	-6.374084	-0.936400
8572.879883	14992.678468	2.000000	-1.416348	-5.909477	-0.708174
8614.241211	15118.196675	2.000000	-1.806788	-5.483351	-0.903394
8655.018555	15185.059928	2.000000	-1.564123	-5.094120	-0.782061
8695.558594	15242.244261	2.000000	-1.783910	-4.737982	-0.891955
8736.299805	15261.704720	2.000000	-1.738527	-4.412966	-0.869264
8777.339844	15255.753719	2.000000	-1.666515	-4.116941	-0.833258
8817.799805	15266.150871	2.000000	-1.612131	-3.846519	-0.806065
8859.139648	15271.144240	2.000000	-1.862673	-3.600596	-0.931336
8899.700195	15271.794062	2.000000	-1.556247	-3.376159	-0.778123
8940.379883	15269.160573	2.000000	-1.011281	-3.171053	-0.505640
8980.839844	15274.564356	2.000000	-1.024783	-2.984434	-0.512391
9021.639648	15286.671567	2.000000	-1.287702	-2.813690	-0.643851
9062.741211	15272.204476	2.000000	-1.588127	-2.658472	-0.794063
9103.660156	15291.596534	2.000000	-1.343211	-2.516823	-0.671606
9144.121094	15313.553680	2.000000	-1.431351	-2.386761	-0.715675
9185.339844	15302.746113	2.000000	-1.511989	-2.269038	-0.755995
9225.879883	15296.008484	2.000000	-1.628259	-2.161248	-0.814129
9266.480469	15304.114159	2.000000	-1.731776	-2.063338	-0.865888
9307.379883	15300.728244	2.000000	-1.281326	-1.973479	-0.640663
9347.920898	15288.244820	2.000000	-1.290327	-1.891923	-0.645164
9388.660156	15291.151919	2.000000	-1.192061	-1.817730	-0.596030
9430.040039	15295.769076	2.000000	-1.440352	-1.749577	-0.720176
9470.218750	15302.301498	2.000000	-1.151554	-1.687387	-0.575777
9511.121094	15308.320902	2.000000	-1.546495	-1.630868	-0.773247
9552.099609	15299.257594	2.000000	-1.231067	-1.578938	-0.615534
9592.160156	15289.168252	2.000000	-1.117423	-1.532195	-0.558712
9633.319336	15282.157014	2.000000	-1.304955	-1.489804	-0.652477
9674.099609	15282.464824	2.000000	-1.210439	-1.450674	-0.605219
9714.920898	15299.462801	2.000000	-1.226192	-1.414678	-0.613096
9755.339844	15295.940082	2.000000	-1.143678	-1.382384	-0.571839
9796.040039	15310.509777	2.000000	-1.377717	-1.352112	-0.688858
9836.420898	15318.547050	2.000000	-2.005947	-1.324832	-1.002973
9877.339844	15314.545514	2.000000	-1.596003	-1.299360	-0.798002
9918.660156	15328.225979	2.000000	-1.182309	-1.276394	-0.591155
9959.700195	15340.367392	2.000000	-1.206313	-1.255373	-0.603157
10000.241211	15339.614967	2.000000	-1.307955	-1.235896	-0.653978
