1.040000	-196.988254	4.000000	-0.452624	-0.877255	-0.113156
8.220000	-409.470631	4.000000	-0.334105	-0.924659	-0.083526
16.820000	-532.013540	4.000000	-0.092190	-0.969120	-0.023048
24.840000	-618.985118	4.000000	-0.401241	-1.011770	-0.100310
33.118999	-781.191085	4.000000	-0.160826	-1.052796	-0.040207
41.020000	-932.954670	4.000000	-0.861441	-1.093349	-0.215360
49.200001	-1015.646150	4.000000	-0.423744	-1.131282	-0.105936
57.520000	-1136.730044	4.000000	0.470402	-1.168917	0.117600
65.919998	-1327.798120	4.000000	0.021454	-1.206377	0.005363
73.919998	-1392.781625	4.000000	-0.154075	-1.241187	-0.038519
82.239998	-1664.208765	4.000000	-0.724169	-1.278716	-0.181042
90.480003	-1770.637440	4.000000	-0.143573	-1.314077	-0.035893
98.519997	-1831.705076	4.000000	-0.166077	-1.347540	-0.041519
106.500000	-1923.508470	4.000000	-0.442872	-1.379721	-0.110718
114.519997	-2077.864439	4.000000	-0.110193	-1.411877	-0.027548
122.839996	-2235.880793	4.000000	-0.197957	-1.443984	-0.049489
131.139999	-2267.690729	4.000000	-0.338980	-1.473464	-0.084745
139.119995	-2434.009221	4.000000	-0.017928	-1.503001	-0.004482
147.339996	-2605.325771	4.000000	-0.526136	-1.533648	-0.131534
155.440002	-2719.289464	4.000000	0.451649	-1.562813	0.112912
163.699997	-2888.497885	4.000000	-0.782303	-1.592792	-0.195576
171.419998	-3016.791107	4.000000	0.457275	-1.621599	0.114319
179.699997	-3133.819375	4.000000	-0.280846	-1.649722	-0.070211
188.020004	-3229.370887	4.000000	-0.026179	-1.677193	-0.006545
196.199997	-3254.000893	4.000000	0.525911	-1.702201	0.131478
204.179993	-3593.411277	4.000000	-0.257592	-1.731215	-0.064398
212.360001	-3650.756098	4.000000	-0.209959	-1.758463	-0.052490
220.580002	-3838.276083	4.000000	0.055209	-1.787451	0.013802
228.658997	-3913.944906	4.000000	-0.094065	-1.814615	-0.023516
236.839996	-4034.216259	4.000000	0.259242	-1.841381	0.064811
244.919998	-4213.652336	4.000000	-0.146949	-1.868984	-0.036737
253.199997	-4388.273531	4.000000	0.294498	-1.896794	0.073625
261.299988	-4578.243755	4.000000	-0.690413	-1.926197	-0.172603
269.420013	-4603.605984	4.000000	0.133972	-1.952726	0.033493
277.720001	-4807.748972	4.000000	0.121595	-1.981165	0.030399
285.820007	-4893.357045	4.000000	-0.120695	-2.007706	-0.030174
294.000000	-4931.708344	4.000000	0.537538	-2.033032	0.134384
302.199005	-5284.831452	4.000000	0.229988	-2.062833	0.057497
310.160004	-5423.888418	4.000000	-0.166077	-2.092202	-0.041519
318.140015	-5561.960592	4.000000	0.250241	-2.121723	0.062560
326.679993	-5729.742867	4.000000	-0.084314	-2.151086	-0.021078
334.859985	-5852.372000	4.000000	0.933227	-2.179782	0.233307
342.980011	-6000.758118	4.000000	0.007201	-2.209120	0.001800
351.179993	-6141.388520	4.000000	0.190981	-2.237304	0.047745
359.179993	-6101.966586	4.000000	-0.507383	-2.263209	-0.126846
367.480011	-6443.591650	4.000000	0.042832	-2.292588	0.010708
375.399994	-6541.955142	4.000000	-0.470252	-2.320403	-0.117563
383.959991	-6714.908660	4.000000	-0.068936	-2.349354	-0.017234
391.839996	-6796.351704	4.000000	-0.344981	-2.377051	-0.086245
399.920013	-6880.749383	4.000000	0.154975	-2.402945	0.038744
408.100006	-7018.754023	4.000000	0.064586	-2.429717	0.016146
416.399994	-6906.656878	4.000000	1.384051	-2.451743	0.346013
424.259003	-7273.944531	4.000000	0.449398	-2.478159	0.112350
432.339996	-7338.535576	4.000000	-0.027680	-2.503482	-0.006920
440.160004	-7559.283363	4.000000	0.431771	-2.530358	0.107943
448.959991	-7636.691511	4.000000	-0.033680	-2.555701	-0.008420
456.959991	-7804.201813	4.000000	-0.250466	-2.582257	-0.062616
465.220001	-7896.547301	4.000000	-0.124820	-2.607415	-0.031205
473.239990	-8068.243554	4.000000	0.148974	-2.633851	0.037244
481.559998	-8116.160407	4.000000	0.217611	-2.658952	0.054403
489.640015	-8324.133107	4.000000	0.168103	-2.684661	0.042026
497.759003	-8449.034484	4.000000	0.269744	-2.711053	0.067436
505.819000	-8624.369856	4.000000	-0.134572	-2.737980	-0.033643
514.080017	-8789.186368	4.000000	-0.103067	-2.764819	-0.025767
522.018982	-8965.671127	4.000000	-0.282346	-2.792898	-0.070587
530.239990	-9096.318123	4.000000	-0.013052	-2.820529	-0.003263
538.619995	-9171.387874	4.000000	0.094590	-2.846637	0.023648
546.580017	-9284.826980	4.000000	0.197732	-2.873146	0.049433
554.518982	-9491.529033	4.000000	0.472277	-2.900444	0.118069
562.880005	-9658.275187	4.000000	-0.239589	-2.928120	-0.059897
571.179993	-9780.510224	4.000000	-0.216335	-2.955866	-0.054084
579.320007	-9962.139420	4.000000	0.751323	-2.983868	0.187831
587.700012	-9841.696175	4.000000	0.079588	-3.007417	0.019897
595.580017	-10142.373591	4.000000	-0.028430	-3.033770	-0.007107
603.599976	-10304.711890	4.000000	0.097591	-3.061251	0.024398
611.780029	-10485.668568	4.000000	-0.239214	-3.089334	-0.059804
619.820007	-10546.751288	4.000000	-0.041182	-3.115746	-0.010295
628.218994	-10704.006820	4.000000	-0.315727	-3.142265	-0.078932
636.718994	-10860.851971	4.000000	0.592672	-3.169199	0.148168
644.518982	-10995.774393	4.000000	0.198107	-3.196341	0.049527
652.718994	-11008.155108	4.000000	-0.506258	-3.221067	-0.126564
660.919983	-11203.544705	4.000000	-0.942454	-3.247007	-0.235614
669.059998	-11341.203253	4.000000	-0.468377	-3.272952	-0.117094
677.260010	-11535.122291	4.000000	-0.801056	-3.300042	-0.200264
685.359985	-11520.381707	4.000000	0.042832	-3.324418	0.010708
693.679993	-11777.811864	4.000000	0.081463	-3.351439	0.020366
701.780029	-11911.742613	4.000000	0.486530	-3.377783	0.121632
709.940002	-11953.536125	4.000000	0.253992	-3.403050	0.063498
718.080017	-12099.676632	4.000000	-0.022804	-3.428474	-0.005701
726.099976	-12193.147746	4.000000	1.295161	-3.453020	0.323790
734.398987	-12370.889958	4.000000	-0.025429	-3.479081	-0.006357
742.700012	-12548.050797	4.000000	-1.004715	-3.505162	-0.251179
750.539978	-12722.065192	4.000000	-0.399365	-3.532698	-0.099841
758.859985	-12730.547027	4.000000	-0.196457	-3.557288	-0.049114
766.840027	-12893.959170	4.000000	-0.281221	-3.582639	-0.070305
775.299988	-13051.693992	4.000000	-0.144699	-3.608344	-0.036175
783.440002	-13217.466077	4.000000	0.192482	-3.634729	0.048120
791.599976	-13235.626793	4.000000	0.246490	-3.659364	0.061623
799.599976	-13433.547844	4.000000	-0.274470	-3.684747	-0.068617
807.960022	-13502.702232	4.000000	-1.194121	-3.709398	-0.298530
816.039978	-13625.654785	4.000000	-0.651407	-3.734184	-0.162852
824.059998	-13818.685208	4.000000	-0.539263	-3.759636	-0.134816
832.419983	-13994.751986	4.000000	-0.225337	-3.786547	-0.056334
840.280029	-14166.338478	4.000000	-0.595898	-3.813185	-0.148974
848.838989	-14296.404969	4.000000	-0.090690	-3.840444	-0.022672
856.919983	-14392.202052	4.000000	-1.072601	-3.866573	-0.268150
864.919983	-14486.870515	4.000000	0.226987	-3.891861	0.056747
873.338989	-14615.432226	4.000000	-0.323228	-3.917389	-0.080807
881.400024	-14667.794027	4.000000	-0.159326	-3.941001	-0.039832
889.539001	-14815.439964	4.000000	-0.659283	-3.965804	-0.164821
897.780029	-15015.413566	4.000000	-0.043432	-3.991235	-0.010858
906.018982	-15172.499085	4.000000	-0.868942	-4.017665	-0.217236
914.239990	-15309.850620	4.000000	0.085214	-4.043955	0.021303
922.099976	-15488.790715	4.000000	-0.657408	-4.070737	-0.164352
930.219971	-15579.252615	4.000000	-0.411742	-4.097255	-0.102936
938.179993	-15645.671153	4.000000	-0.340856	-4.122025	-0.085214
946.719971	-15797.489869	4.000000	-0.889946	-4.147369	-0.222486
954.619995	-15913.260645	4.000000	0.842088	-4.172877	0.210522
962.638977	-16137.141214	4.000000	-0.504383	-4.199455	-0.126096
971.260010	-16210.810459	4.000000	-0.734670	-4.225216	-0.183668
979.200012	-16302.503715	4.000000	0.057084	-4.249694	0.014271
987.739990	-16445.943327	4.000000	-0.198708	-4.275198	-0.049677
995.679993	-16601.353382	4.000000	-0.452999	-4.301519	-0.113250
1003.940002	-16826.328669	4.000000	-0.158951	-4.328378	-0.039738
1012.138977	-16939.431969	4.000000	-0.387738	-4.355505	-0.096935
1020.200012	-17029.586295	4.000000	0.181605	-4.380965	0.045401
1028.180054	-17231.886366	4.000000	0.022954	-4.407888	0.005738
1036.119995	-17312.840618	4.000000	0.528911	-4.434326	0.132228
1043.938965	-17526.358799	4.000000	-0.121820	-4.461705	-0.030455
1051.838989	-17633.819049	4.000000	0.522535	-4.488812	0.130634
1060.599976	-17832.904440	4.000000	0.124220	-4.517017	0.031055
1068.719971	-18014.820880	4.000000	0.386388	-4.545287	0.096597
1076.880005	-18165.067014	4.000000	0.268244	-4.573913	0.067061
1084.918945	-18239.010154	4.000000	0.293748	-4.601036	0.073437
1093.479980	-18354.336850	4.000000	0.258117	-4.628135	0.064529
1101.938965	-18433.820627	4.000000	-0.074187	-4.653811	-0.018547
1109.719971	-18572.677859	4.000000	0.714942	-4.679893	0.178735
1117.959961	-18771.592623	4.000000	0.233363	-4.707397	0.058341
1126.359985	-18910.278946	4.000000	0.430645	-4.734111	0.107661
1134.140015	-18990.925660	4.000000	-0.822435	-4.760208	-0.205609
1142.000000	-19084.808302	4.000000	0.016578	-4.785392	0.004144
1150.338989	-19263.954905	4.000000	0.122345	-4.811637	0.030586
1158.780029	-19431.131102	4.000000	-0.026929	-4.838917	-0.006732
1166.979980	-19500.149443	4.000000	0.160976	-4.864325	0.040244
1174.979980	-19598.307359	4.000000	-0.095941	-4.889448	-0.023985
1183.199951	-19724.065808	4.000000	-0.038181	-4.914552	-0.009545
1191.418945	-19879.374291	4.000000	-0.889946	-4.939904	-0.222486
1199.400024	-20062.078151	4.000000	0.443022	-4.966470	0.110756
1207.599976	-20106.745186	4.000000	-0.123695	-4.991128	-0.030924
1215.838989	-20306.549850	4.000000	0.747197	-5.017322	0.186799
1224.160034	-20455.702278	4.000000	0.446773	-5.043439	0.111693
1232.479980	-20630.574245	4.000000	1.028118	-5.070254	0.257029
1240.418945	-20715.804262	4.000000	0.289997	-5.096768	0.072499
1248.298950	-20876.482725	4.000000	0.395390	-5.122922	0.098847
1256.479980	-21013.562228	4.000000	1.363798	-5.149520	0.340949
1264.838989	-21053.577959	4.000000	-0.605274	-5.174788	-0.151319
1272.900024	-21342.067555	4.000000	-0.128571	-5.201871	-0.032143
1281.239990	-21445.014098	4.000000	0.476403	-5.228950	0.119101
1289.318970	-21591.875422	4.000000	0.683437	-5.256302	0.170859
1297.418945	-21704.877278	4.000000	0.384888	-5.282720	0.096222
1305.239990	-21768.115921	4.000000	0.649306	-5.308653	0.162327
1313.619995	-21984.714333	4.000000	0.012077	-5.335596	0.003019
1321.839966	-22061.496839	4.000000	0.368010	-5.361313	0.092003
1330.160034	-22171.181272	4.000000	1.158264	-5.386881	0.289566
1338.140015	-22395.509460	4.000000	0.534537	-5.413055	0.133634
1346.420044	-22311.236743	4.000000	-1.287136	-5.436555	-0.321784
1354.180054	-22643.163276	4.000000	0.336880	-5.463282	0.084220
1362.540039	-22721.519183	4.000000	0.910349	-5.489464	0.227587
1370.719971	-22905.387144	4.000000	0.743822	-5.516134	0.185955
1378.900024	-23089.939226	4.000000	0.552540	-5.543815	0.138135
1387.140015	-23167.576989	4.000000	1.178517	-5.570249	0.294629
1395.420044	-23226.643262	4.000000	0.258867	-5.594892	0.064717
1403.380005	-23356.575414	4.000000	0.295248	-5.620316	0.073812
1411.420044	-23554.055954	4.000000	-0.326603	-5.646926	-0.081651
1419.599976	-23713.675301	4.000000	0.333505	-5.673164	0.083376
1428.099976	-23851.645026	4.000000	0.391639	-5.700171	0.097910
1436.260010	-23905.444340	4.000000	0.069086	-5.725343	0.017272
1443.880005	-24029.801843	4.000000	-0.371986	-5.750371	-0.092996
1452.180054	-24164.180501	4.000000	0.601298	-5.775915	0.150325
1460.199951	-24390.835580	4.000000	0.223237	-5.802454	0.055809
1468.719971	-24545.906452	4.000000	0.331629	-5.829789	0.082907
1477.060059	-24629.871850	4.000000	1.043871	-5.856520	0.260968
1484.779053	-24767.055278	4.000000	0.700690	-5.882229	0.175172
1492.920044	-24894.935863	4.000000	1.438060	-5.908579	0.359515
1501.160034	-24992.992497	4.000000	-0.034431	-5.933843	-0.008608
1509.579956	-25091.356974	4.000000	-0.017928	-5.958939	-0.004482
1517.779053	-25208.464093	4.000000	0.271244	-5.984155	0.067811
1525.579956	-25184.864816	4.000000	0.580670	-6.005944	0.145167
1533.979980	-25453.999267	4.000000	0.072087	-6.030768	0.018022
1541.959961	-25593.777758	4.000000	-0.361859	-6.056244	-0.090465
1549.900024	-25717.721115	4.000000	0.071712	-6.081448	0.017928
1557.900024	-25883.161244	4.000000	0.332754	-6.107590	0.083189
1565.819946	-26070.204323	4.000000	-0.081313	-6.134778	-0.020328
1573.959961	-26163.315689	4.000000	-0.019803	-6.160470	-0.004951
1582.619995	-26363.484639	4.000000	0.804206	-6.188011	0.201052
1590.520020	-26458.031664	4.000000	0.468902	-6.214417	0.117225
1598.660034	-26582.590371	4.000000	0.776077	-6.240439	0.194019
1607.000000	-26706.328725	4.000000	0.950480	-6.266913	0.237620
1614.959961	-26749.944788	4.000000	0.551790	-6.291111	0.137948
1623.339966	-26942.183630	4.000000	0.399515	-6.316752	0.099879
1631.560059	-27047.121985	4.000000	0.135472	-6.342000	0.033868
1639.459961	-27142.626150	4.000000	0.663558	-6.366479	0.165890
1647.538940	-27234.165223	4.000000	1.081002	-6.390931	0.270250
1655.560059	-27417.516844	4.000000	0.645180	-6.415532	0.161295
1663.819946	-27594.510659	4.000000	0.342506	-6.441678	0.085627
1672.300049	-27753.661549	4.000000	-0.228712	-6.467672	-0.057178
1679.880005	-27925.323033	4.000000	0.727319	-6.494676	0.181830
1688.359985	-28032.790927	4.000000	1.276408	-6.520542	0.319102
1696.538940	-28116.126406	4.000000	0.513159	-6.545880	0.128290
1704.459961	-28237.061987	4.000000	0.689813	-6.572010	0.172453
1712.599976	-28411.321361	4.000000	0.881469	-6.597524	0.220367
1721.160034	-28645.262386	4.000000	0.848464	-6.625473	0.212116
1728.920044	-28689.015242	4.000000	0.564917	-6.651484	0.141229
1737.178955	-28770.710032	4.000000	0.032705	-6.676348	0.008176
1745.380005	-28845.841897	4.000000	0.734820	-6.700909	0.183705
1753.619995	-29074.177167	4.000000	0.447523	-6.726655	0.111881
1761.800049	-29097.147424	4.000000	1.881382	-6.750511	0.470345
1769.839966	-29265.459260	4.000000	1.222025	-6.775512	0.305506
1778.140015	-29425.157271	4.000000	0.685687	-6.800913	0.171422
1786.439941	-29444.777705	4.000000	-0.219336	-6.824633	-0.054834
1794.219971	-29747.151183	4.000000	0.440397	-6.851404	0.110099
1802.300049	-29773.197828	4.000000	-0.019803	-6.875885	-0.004951
1810.578979	-29866.856373	4.000000	0.519910	-6.900141	0.129978
1819.099976	-30106.608607	4.000000	0.753573	-6.925999	0.188393
1827.420044	-30223.237456	4.000000	-0.389989	-6.952290	-0.097497
1835.500000	-30327.424081	4.000000	1.082127	-6.977571	0.270532
1843.640015	-30405.290600	4.000000	1.097504	-7.001940	0.274376
1851.439941	-30621.935928	4.000000	-0.196457	-7.027902	-0.049114
1859.779053	-30768.098056	4.000000	1.013116	-7.054289	0.253279
1867.920044	-30816.021190	4.000000	-0.683287	-7.078465	-0.170822
1876.160034	-30960.679335	4.000000	0.107343	-7.103562	0.026836
1884.420044	-31140.613310	4.000000	0.591547	-7.129717	0.147887
1892.359985	-31316.103654	4.000000	0.646306	-7.156440	0.161576
1900.640015	-31509.915576	4.000000	1.122258	-7.184301	0.280565
1908.920044	-31548.541237	4.000000	0.209359	-7.210256	0.052340
1916.920044	-31585.321070	4.000000	0.510909	-7.234031	0.127727
1925.178955	-31712.614853	4.000000	0.421269	-7.258175	0.105317
1933.140015	-31902.735186	4.000000	0.562667	-7.283817	0.140667
1941.520020	-32132.985239	4.000000	0.749447	-7.310781	0.187362
1949.599976	-32275.934450	4.000000	0.251366	-7.338105	0.062842
1958.099976	-32403.775224	4.000000	-0.399740	-7.365085	-0.099935
1965.920044	-32483.009165	4.000000	0.450524	-7.390759	0.112631
1974.078979	-32513.978084	4.000000	0.450524	-7.415039	0.112631
1982.038940	-32709.294223	4.000000	0.243490	-7.440168	0.060872
1990.500000	-32832.349561	4.000000	0.900597	-7.465842	0.225149
1998.339966	-32972.837756	4.000000	0.092340	-7.491396	0.023085
2006.640015	-33152.635325	4.000000	0.553290	-7.517471	0.138323
2014.819946	-33276.921267	4.000000	0.608800	-7.543978	0.152200
2023.099976	-33352.873795	4.000000	0.774577	-7.568883	0.193644
2031.479980	-33475.313929	4.000000	0.255867	-7.594085	0.063967
2039.300049	-33562.614915	4.000000	-0.282721	-7.618453	-0.070680
2047.520020	-33816.587676	4.000000	0.186856	-7.644576	0.046714
2055.659912	-33975.534320	4.000000	-0.399365	-7.671956	-0.099841
2063.899902	-34080.951850	4.000000	0.429145	-7.697862	0.107286
2071.899902	-34191.975252	4.000000	0.683437	-7.723641	0.170859
2080.120117	-34306.895424	4.000000	0.587796	-7.749531	0.146949
2088.280029	-34461.808655	4.000000	0.253241	-7.775221	0.063310
2096.459961	-34565.653858	4.000000	1.106881	-7.801240	0.276720
2104.439941	-34639.487188	4.000000	1.067124	-7.826321	0.266781
2112.919922	-34827.762203	4.000000	1.152638	-7.851458	0.288160
2120.839111	-34936.734758	4.000000	1.974772	-7.877196	0.493693
2129.339111	-34980.898043	4.000000	-0.038181	-7.900571	-0.009545
2137.378906	-35195.903536	4.000000	1.156014	-7.926085	0.289003
2145.699951	-35340.562265	4.000000	0.819959	-7.951303	0.204990
2153.579102	-35314.994038	4.000000	1.749360	-7.973989	0.437340
2162.060059	-35409.610153	4.000000	1.259906	-7.996907	0.314976
2169.860107	-35614.566190	4.000000	1.209648	-8.020635	0.302412
2178.000000	-35701.593900	4.000000	-0.273720	-8.044202	-0.068430
2186.339111	-35861.566300	4.000000	1.173642	-8.068106	0.293410
2194.000000	-35950.781688	4.000000	0.759199	-8.091457	0.189800
2202.638916	-36087.783725	4.000000	-0.092190	-8.115617	-0.023048
2210.839111	-36175.221662	4.000000	0.717192	-8.138223	0.179298
2218.979980	-36325.349678	4.000000	1.277159	-8.162039	0.319290
2227.219971	-36648.986380	4.000000	-0.307850	-8.189500	-0.076963
2235.339111	-36803.763243	4.000000	0.578795	-8.216768	0.144699
2243.399902	-36832.134447	4.000000	0.251741	-8.242202	0.062935
2251.419922	-36939.056290	4.000000	0.037956	-8.267155	0.009489
2259.800049	-37001.883134	4.000000	-1.189995	-8.291363	-0.297499
2267.919922	-37227.964094	4.000000	-0.180329	-8.316797	-0.045082
2276.300049	-37289.286940	4.000000	1.079501	-8.341237	0.269875
2284.320068	-37337.757286	4.000000	0.422019	-8.364244	0.105505
2292.219971	-37536.629295	4.000000	0.341381	-8.388821	0.085345
2300.479980	-37661.394327	4.000000	0.656807	-8.413285	0.164202
2308.839111	-37766.196967	4.000000	1.233276	-8.437197	0.308319
2316.919922	-37888.090723	4.000000	1.891884	-8.461389	0.472971
2324.919922	-38019.350423	4.000000	0.689063	-8.485830	0.172266
2333.178955	-38106.446712	4.000000	0.723193	-8.509077	0.180798
2341.500000	-38265.872595	4.000000	0.455024	-8.533445	0.113756
2349.860107	-38351.259797	4.000000	0.319252	-8.557077	0.079813
2357.959961	-38452.917748	4.000000	0.522911	-8.580452	0.130728
2366.040039	-38525.110624	4.000000	0.459150	-8.602633	0.114788
2374.178955	-38571.188277	4.000000	0.663934	-8.623950	0.165983
2382.320068	-38811.626157	4.000000	0.797830	-8.647822	0.199458
2390.219971	-38961.754589	4.000000	0.714192	-8.671333	0.178548
2398.659912	-39061.840224	4.000000	0.108468	-8.694868	0.027117
2406.919922	-39235.144270	4.000000	0.384513	-8.719605	0.096128
2415.099121	-39409.405452	4.000000	-0.023929	-8.744815	-0.005982
2423.040039	-39459.721751	4.000000	0.990612	-8.769199	0.247653
2431.138916	-39610.807393	4.000000	-0.522010	-8.793311	-0.130503
2439.339111	-39755.398428	4.000000	0.600923	-8.818241	0.150231
2447.659912	-39795.118239	4.000000	0.235238	-8.841872	0.058810
2455.638916	-39976.694539	4.000000	0.018453	-8.866161	0.004613
2463.919922	-40195.597945	4.000000	1.023617	-8.892339	0.255904
2471.899902	-40327.199799	4.000000	-0.823935	-8.918166	-0.205984
2479.839111	-40399.119367	4.000000	0.688313	-8.942719	0.172078
2487.979980	-40508.229292	4.000000	-0.131196	-8.967584	-0.032799
2495.638916	-40619.185075	4.000000	0.317752	-8.991384	0.079438
2504.120117	-40696.026920	4.000000	-0.703915	-9.015047	-0.175979
2512.560059	-40800.146263	4.000000	-0.367485	-9.038518	-0.091871
2521.020020	-40857.025647	4.000000	-0.028805	-9.060203	-0.007201
2529.280029	-40992.934574	4.000000	-0.642780	-9.082818	-0.160695
2537.520020	-41150.446758	4.000000	0.121220	-9.105824	0.030305
2545.419922	-41247.251135	4.000000	-0.697914	-9.128350	-0.174479
2553.479980	-41360.941600	4.000000	0.228862	-9.151381	0.057216
2561.638916	-41492.475266	4.000000	-0.278221	-9.174155	-0.069555
2569.439941	-41555.439154	4.000000	0.167727	-9.196017	0.041932
2577.719971	-41679.999649	4.000000	-0.409117	-9.218575	-0.102279
2585.939941	-41799.637902	4.000000	0.056334	-9.240636	0.014084
2594.320068	-41951.544326	4.000000	0.375886	-9.263755	0.093972
2601.839111	-42083.283177	4.000000	1.076126	-9.286538	0.269031
2610.300049	-42102.972224	4.000000	0.526661	-9.308343	0.131665
2618.520020	-42234.506004	4.000000	0.273870	-9.329964	0.068467
2626.879883	-42391.813323	4.000000	-0.136822	-9.352754	-0.034206
2634.959961	-42440.147216	4.000000	-0.179954	-9.374303	-0.044989
2642.959961	-42599.300422	4.000000	-0.964583	-9.396444	-0.241146
2651.139893	-42740.883905	4.000000	0.079213	-9.419427	0.019803
2659.379883	-42844.593310	4.000000	0.689438	-9.441825	0.172359
2667.580078	-42962.249149	4.000000	0.188731	-9.464816	0.047183
2676.000000	-42981.938216	4.000000	0.338380	-9.485828	0.084595
2683.919922	-43030.750697	4.000000	-0.012302	-9.505566	-0.003075
2691.919922	-43184.639925	4.000000	0.100967	-9.526386	0.025242
2700.520020	-43206.585037	4.000000	0.153100	-9.545508	0.038275
2708.719971	-43270.779620	4.000000	-0.759799	-9.564181	-0.189950
2716.580078	-43362.320148	4.000000	1.258405	-9.582653	0.314601
2725.000000	-43469.994792	4.000000	0.896471	-9.601134	0.224118
2733.179932	-43498.639668	4.000000	0.145599	-9.618702	0.036400
2741.020020	-43561.398612	4.000000	-0.375736	-9.635933	-0.093934
2749.260010	-43533.779207	4.000000	0.142223	-9.651033	0.035556
2757.360107	-43505.202694	4.000000	0.357133	-9.664002	0.089283
2765.739990	-43408.124598	4.000000	-0.310101	-9.674496	-0.077525
2773.620117	-43144.236309	4.000000	0.785453	-9.679431	0.196363
2782.260010	-42604.154322	4.000000	1.373549	-9.673839	0.343387
2790.099121	-41387.535464	4.000000	2.916175	-9.647316	0.729044
2798.320068	-40385.651539	4.000000	-3.905443	-9.605724	-0.976361
2806.159912	-40278.387473	4.000000	-0.673160	-9.567145	-0.168290
2814.540039	-39657.021830	4.000000	5.375447	-9.520354	1.343862
2822.599121	-38979.939546	4.000000	17.913677	-9.466290	4.478419
2830.919922	-39991.598018	4.000000	6.483000	-9.435937	1.620750
2838.919922	-40375.055024	4.000000	-0.516385	-9.413972	-0.129096
2847.199951	-40286.454496	4.000000	-1.594687	-9.393120	-0.398672
2855.399902	-39982.095341	4.000000	5.430956	-9.367670	1.357739
2863.699951	-39983.120810	4.000000	-11.488174	-9.345288	-2.872043
2871.360107	-40700.197163	4.000000	-8.962414	-9.337982	-2.240604
2879.719971	-40541.249403	4.000000	-11.882920	-9.327416	-2.970730
2888.399902	-41132.535215	4.000000	-1.051972	-9.329932	-0.262993
2896.659912	-41933.632766	4.000000	-4.773337	-9.344847	-1.193334
2904.459961	-41312.607769	4.000000	-4.567053	-9.347611	-1.141763
2912.340088	-41325.528694	4.000000	-1.378651	-9.350038	-0.344663
2920.120117	-41583.195223	4.000000	-2.225540	-9.357312	-0.556385
2928.580078	-41856.927540	4.000000	-3.107686	-9.368511	-0.776922
2936.840088	-41635.494223	4.000000	9.279821	-9.374767	2.319955
2945.620117	-43002.994580	4.000000	5.864901	-9.405256	1.466225
2953.659912	-43079.494816	4.000000	3.880081	-9.433326	0.970020
2961.860107	-42783.816999	4.000000	0.935103	-9.453601	0.233776
2970.000000	-42665.409172	4.000000	7.106725	-9.469927	1.776681
2978.139893	-42596.976019	4.000000	7.024587	-9.483473	1.756147
2986.260010	-41178.407908	4.000000	15.580439	-9.470752	3.895110
2994.520020	-41461.437695	4.000000	12.572092	-9.464495	3.143023
3002.360107	-42334.455283	4.000000	-5.921779	-9.475238	-1.480445
3010.939941	-43223.197692	4.000000	-9.221583	-9.499855	-2.305396
3018.800049	-43608.365276	4.000000	7.272126	-9.528749	1.818032
3026.780029	-42767.546177	4.000000	-4.160861	-9.539860	-1.040215
3034.739990	-43066.232041	4.000000	4.735219	-9.555457	1.183805
3043.080078	-43876.013784	4.000000	-2.008755	-9.584552	-0.502189
3051.179932	-44132.997454	4.000000	3.285235	-9.614832	0.821309
3059.479980	-44285.724686	4.000000	3.728181	-9.644985	0.932045
3067.659912	-44218.795425	4.000000	-0.248591	-9.671829	-0.062148
3076.099121	-44833.943222	4.000000	2.918800	-9.706627	0.729700
3084.080078	-45250.080927	4.000000	3.148338	-9.745792	0.787084
3092.239990	-44864.092176	4.000000	-8.534467	-9.774078	-2.133617
3100.580078	-44343.082862	4.000000	-0.520510	-9.790459	-0.130128
3108.739990	-44608.543935	4.000000	-1.785593	-9.810983	-0.446398
3116.739990	-44585.915136	4.000000	-2.564596	-9.828775	-0.641149
3124.760010	-44561.235388	4.000000	-11.805622	-9.843995	-2.951405
3132.860107	-44442.758938	4.000000	0.736320	-9.857149	0.184080
3140.760010	-45244.338266	4.000000	8.057127	-9.882583	2.014282
3149.199951	-45524.839950	4.000000	6.776297	-9.910765	1.694074
3157.379883	-45287.681684	4.000000	6.184452	-9.931857	1.546113
3165.280029	-45975.092194	4.000000	4.811731	-9.963011	1.202933
3173.479980	-45562.030530	4.000000	-0.539638	-9.984055	-0.134910
3181.699951	-45384.896738	4.000000	11.553431	-10.000629	2.888358
3189.979980	-46068.137065	4.000000	11.473169	-10.027233	2.868292
3198.379883	-45001.163966	4.000000	14.879829	-10.032880	3.719957
3206.639893	-46213.549608	4.000000	-1.073351	-10.059316	-0.268338
3214.479980	-46621.415872	4.000000	-5.053509	-10.091094	-1.263377
3222.379883	-46617.860885	4.000000	-4.418153	-10.119348	-1.104538
3230.780029	-47236.087016	4.000000	-0.481129	-10.155925	-0.120282
3238.719971	-46778.177134	4.000000	7.691068	-10.180831	1.922767
3247.020020	-46350.484905	4.000000	14.073453	-10.195867	3.518363
3255.260010	-46964.472178	4.000000	0.952356	-10.221149	0.238089
3263.620117	-45959.299862	4.000000	0.712316	-10.225170	0.178079
3271.899902	-46793.217466	4.000000	-16.690420	-10.244965	-4.172605
3279.919922	-47447.608935	4.000000	3.296111	-10.274540	0.824028
3288.100098	-47206.416526	4.000000	11.325020	-10.296033	2.831255
3295.699951	-47658.789086	4.000000	12.506082	-10.324535	3.126520
3304.219971	-47095.323110	4.000000	-0.897447	-10.340036	-0.224362
3312.760010	-47869.764202	4.000000	-1.331768	-10.368050	-0.332942
3320.579102	-48151.155604	4.000000	-5.083514	-10.398811	-1.270878
3328.919922	-48782.509155	4.000000	-1.881609	-10.437215	-0.470402
3336.500000	-48137.345820	4.000000	4.615575	-10.460718	1.153894
3344.780029	-47774.599787	4.000000	-7.066095	-10.475706	-1.766524
3353.120117	-48419.352612	4.000000	1.598961	-10.500852	0.399740
3361.320068	-49076.411768	4.000000	7.061717	-10.535587	1.765429
3369.399902	-49084.273784	4.000000	0.257367	-10.566661	0.064342
3378.079102	-48911.172717	4.000000	1.377300	-10.592535	0.344325
3386.020020	-49062.875428	4.000000	7.208741	-10.618707	1.802185
3394.199951	-49742.974316	4.000000	0.574669	-10.654771	0.143667
3402.559082	-49992.918341	4.000000	-0.177329	-10.691236	-0.044332
3410.780029	-50170.258329	4.000000	5.908408	-10.727949	1.477102
3418.979980	-49715.764879	4.000000	11.991126	-10.752935	2.997781
3426.899902	-50541.687986	4.000000	3.246228	-10.790482	0.811557
3434.780029	-50546.473571	4.000000	5.367946	-10.824311	1.341986
3442.800049	-49859.127177	4.000000	12.086016	-10.843152	3.021504
3451.020020	-50170.600157	4.000000	-5.160027	-10.866039	-1.290007
3459.620117	-50762.713678	4.000000	-2.228541	-10.897465	-0.557135
3467.919922	-50339.462869	4.000000	5.871652	-10.917893	1.467913
3476.280029	-50126.299338	4.000000	-7.011336	-10.933410	-1.752834
3484.199951	-50972.937685	4.000000	-4.515294	-10.962361	-1.128824
3492.340088	-51555.480706	4.000000	2.818659	-10.998962	0.704665
3500.358887	-50929.115375	4.000000	1.128634	-11.020471	0.282159
3508.540039	-50870.799574	4.000000	0.955731	-11.039128	0.238933
3516.760010	-51997.122617	4.000000	0.744572	-11.077027	0.186143
3524.699951	-51790.863503	4.000000	-3.824430	-11.106795	-0.956107
3533.059082	-51541.329027	4.000000	0.851839	-11.129626	0.212960
3540.439941	-52131.597850	4.000000	0.841713	-11.160676	0.210428
3548.939941	-51693.305767	4.000000	5.028516	-11.180727	1.257129
3557.379883	-52225.942462	4.000000	10.828817	-11.209238	2.707204
3565.158936	-52564.489325	4.000000	6.197204	-11.241689	1.549301
3573.239990	-52204.680740	4.000000	-1.735710	-11.263543	-0.433927
3581.540039	-52088.937681	4.000000	4.921624	-11.281775	1.230406
3589.959961	-51636.425580	4.000000	18.957089	-11.290026	4.739272
3598.100098	-52377.987721	4.000000	-6.192574	-11.311704	-1.548143
3606.459961	-52519.026136	4.000000	-0.549765	-11.333405	-0.137441
3614.658936	-53345.089347	4.000000	5.764009	-11.367467	1.441002
3622.780029	-52894.422276	4.000000	11.628443	-11.390490	2.907111
3630.760010	-52449.361496	4.000000	17.890799	-11.403347	4.472700
3638.540039	-53342.149618	4.000000	-0.609025	-11.431433	-0.152256
3646.658936	-53387.271035	4.000000	-6.229330	-11.457428	-1.557333
3654.760010	-53143.068497	4.000000	-4.987123	-11.476246	-1.246781
3663.340088	-53176.225891	4.000000	-5.311927	-11.494126	-1.327982
3671.399902	-53745.918038	4.000000	-0.726419	-11.521170	-0.181605
3679.520020	-53323.007200	4.000000	-7.059719	-11.537384	-1.764930
3687.658936	-53474.915976	4.000000	0.077338	-11.555233	0.019334
3695.439941	-53762.872762	4.000000	2.110544	-11.576846	0.527636
3703.739990	-53848.261681	4.000000	-1.362523	-11.603001	-0.340631
3712.239990	-53736.483555	4.000000	-12.842769	-11.619583	-3.210692
3720.239990	-53848.261681	4.000000	-0.759049	-11.653758	-0.189762
3728.858887	-53848.261681	4.000000	2.784529	-11.685953	0.696132
3736.679932	-53848.261681	4.000000	0.524411	-11.722362	0.131103
3744.719971	-53848.261681	4.000000	5.595982	-11.751025	1.398996
3752.919922	-53848.261681	4.000000	0.470402	-11.791023	0.117600
3761.239990	-53848.261681	4.000000	-1.013341	-11.828386	-0.253335
3769.179932	-53848.261681	4.000000	5.684872	-11.862520	1.421218
3777.719971	-53848.261681	4.000000	2.807782	-11.892016	0.701946
3785.679932	-53848.261681	4.000000	6.118816	-11.892016	1.529704
3793.979980	-53848.261681	4.000000	16.617851	-11.892016	4.154463
3801.780029	-53848.261681	4.000000	-12.156090	-11.892016	-3.039023
3810.040039	-53848.261681	4.000000	8.114886	-11.892016	2.028721
3818.559082	-53848.261681	4.000000	-5.351684	-11.892016	-1.337921
3826.858887	-53848.261681	4.000000	-4.936489	-11.892016	-1.234122
3834.879883	-53848.261681	4.000000	-3.650776	-11.892016	-0.912694
3843.020020	-53848.261681	4.000000	-1.979500	-11.892016	-0.494875
3851.199951	-53848.261681	4.000000	-5.993791	-11.892016	-1.498448
3859.300049	-53848.261681	4.000000	2.851664	-11.892016	0.712916
3867.639893	-53848.261681	4.000000	15.307771	-11.892016	3.826943
3875.800049	-53848.261681	4.000000	7.404522	-11.892016	1.851131
3884.040039	-53848.261681	4.000000	0.902848	-11.892016	0.225712
3892.459961	-53848.261681	4.000000	1.781991	-11.892016	0.445498
3900.219971	-53848.261681	4.000000	-1.303639	-11.892016	-0.325910
3908.739990	-53848.261681	4.000000	-2.204162	-11.892016	-0.551040
3916.479980	-53848.261681	4.000000	-0.810433	-11.892016	-0.202608
3924.760010	-53848.261681	4.000000	-1.298388	-11.892016	-0.324597
3933.120117	-53848.261681	4.000000	-6.823054	-11.892016	-1.705764
3941.179932	-53848.261681	4.000000	6.423365	-11.892016	1.605841
3949.219971	-53848.261681	4.000000	-3.244209	-11.892016	-0.811052
3957.559082	-53848.261681	4.000000	-3.080307	-11.892016	-0.770077
3965.540039	-53848.261681	4.000000	-5.342682	-11.892016	-1.335671
3973.739990	-53848.261681	4.000000	-1.147238	-11.892016	-0.286810
3982.260010	-53848.261681	4.000000	-2.701119	-11.892016	-0.675280
3990.459961	-53848.261681	4.000000	4.543563	-11.892016	1.135891
3998.340088	-53848.261681	4.000000	-7.697326	-11.892016	-1.924332
4006.579102	-53848.261681	4.000000	-7.596434	-11.892016	-1.899109
4014.459961	-53848.261681	4.000000	-1.405656	-11.892016	-0.351414
4022.879883	-53848.261681	4.000000	8.444938	-11.892016	2.111235
4031.059082	-53848.261681	4.000000	5.813142	-11.892016	1.453286
4039.239990	-53848.261681	4.000000	-15.314061	-11.892016	-3.828515
4047.179932	-53848.261681	4.000000	-6.181697	-11.892016	-1.545424
4055.219971	-53848.261681	4.000000	10.637912	-11.892016	2.659478
4063.340088	-53848.261681	4.000000	15.713960	-11.892016	3.928490
4071.719971	-53848.261681	4.000000	7.357265	-11.892016	1.839316
4079.840088	-53848.261681	4.000000	5.787638	-11.892016	1.446910
4088.340088	-53848.261681	4.000000	0.542039	-11.892016	0.135510
4096.520020	-53848.261681	4.000000	4.828234	-11.892016	1.207058
4104.580078	-53848.261681	4.000000	3.761937	-11.892016	0.940484
4112.799805	-53848.261681	4.000000	12.768998	-11.892016	3.192250
4120.679199	-53848.261681	4.000000	0.931352	-11.892016	0.232838
4129.199219	-53848.261681	4.000000	2.737271	-11.892016	0.684318
4137.379883	-53848.261681	4.000000	1.896384	-11.892016	0.474096
4145.220215	-53848.261681	4.000000	-1.905613	-11.892016	-0.476403
4153.299805	-53848.261681	4.000000	-10.316018	-11.892016	-2.579005
4161.640137	-53848.261681	4.000000	-2.669989	-11.892016	-0.667497
4169.720215	-53848.261681	4.000000	0.565292	-11.892016	0.141323
4178.020020	-53848.261681	4.000000	-1.147613	-11.892016	-0.286903
4186.258789	-53848.261681	4.000000	-12.270161	-11.892016	-3.067540
4193.839844	-53848.261681	4.000000	2.463101	-11.892016	0.615775
4202.500000	-53848.261681	4.000000	-3.774922	-11.892016	-0.943730
4210.758789	-53848.261681	4.000000	1.603462	-11.892016	0.400865
4218.740234	-53848.261681	4.000000	7.071469	-11.892016	1.767867
4227.299805	-53848.261681	4.000000	6.601144	-11.892016	1.650286
4234.979980	-53848.261681	4.000000	-0.913200	-11.892016	-0.228300
4243.199219	-53848.261681	4.000000	7.491536	-11.892016	1.872884
4251.379883	-53848.261681	4.000000	12.354933	-11.892016	3.088733
4259.560059	-53848.261681	4.000000	2.528737	-11.892016	0.632184
4267.919922	-53848.261681	4.000000	3.856452	-11.892016	0.964113
4275.979980	-53848.261681	4.000000	-2.756253	-11.892016	-0.689063
4283.939941	-53848.261681	4.000000	-4.643941	-11.892016	-1.160985
4292.120117	-53848.261681	4.000000	4.999261	-11.892016	1.249815
4300.699219	-53848.261681	4.000000	-7.137732	-11.892016	-1.784433
4308.620117	-53848.261681	4.000000	-11.383825	-11.892016	-2.845956
4317.080078	-53848.261681	4.000000	-1.600313	-11.892016	-0.400078
4325.120117	-53848.261681	4.000000	-2.267172	-11.892016	-0.566793
4333.040039	-53848.261681	4.000000	-1.233127	-11.892016	-0.308282
4341.319824	-53848.261681	4.000000	-0.861441	-11.892016	-0.215360
4349.720215	-53848.261681	4.000000	11.260510	-11.892016	2.815128
4358.000000	-53848.261681	4.000000	-7.825223	-11.892016	-1.956306
4365.879883	-53848.261681	4.000000	-4.076472	-11.892016	-1.019118
4373.959961	-53848.261681	4.000000	-2.584100	-11.892016	-0.646025
4381.899902	-53848.261681	4.000000	1.297412	-11.892016	0.324353
4390.258789	-53848.261681	4.000000	0.082589	-11.892016	0.020647
4398.600098	-53848.261681	4.000000	4.186130	-11.892016	1.046533
4406.959961	-53848.261681	4.000000	2.367836	-11.892016	0.591959
4414.879883	-53848.261681	4.000000	7.716572	-11.892016	1.929143
4423.179199	-53848.261681	4.000000	3.325366	-11.892016	0.831342
4431.060059	-53848.261681	4.000000	-4.532172	-11.892016	-1.133043
4439.278809	-53848.261681	4.000000	4.365409	-11.892016	1.091352
4447.600098	-53848.261681	4.000000	-9.311598	-11.892016	-2.327900
4456.000000	-53848.261681	4.000000	0.788454	-11.892016	0.197113
4463.899902	-53848.261681	4.000000	3.883081	-11.892016	0.970770
4472.179199	-53848.261681	4.000000	3.774314	-11.892016	0.943578
4479.879883	-53848.261681	4.000000	1.474066	-11.892016	0.368516
4488.220215	-53848.261681	4.000000	1.135385	-11.892016	0.283846
4496.278809	-53848.261681	4.000000	2.939054	-11.892016	0.734763
4504.799805	-53848.261681	4.000000	5.857399	-11.892016	1.464350
4513.120117	-53848.261681	4.000000	4.629827	-11.892016	1.157457
4521.140137	-53848.261681	4.000000	9.652255	-11.892016	2.413064
4529.319824	-53848.261681	4.000000	3.282609	-11.892016	0.820652
4537.439941	-53848.261681	4.000000	8.950519	-11.892016	2.237630
4545.799805	-53848.261681	4.000000	1.901260	-11.892016	0.475315
4553.659180	-53848.261681	4.000000	6.562513	-11.892016	1.640628
4561.799805	-53848.261681	4.000000	6.232085	-11.892016	1.558021
4570.000000	-53848.261681	4.000000	-0.791680	-11.892016	-0.197920
4578.339844	-53848.261681	4.000000	5.542724	-11.892016	1.385681
4586.479980	-53848.261681	4.000000	3.799443	-11.892016	0.949861
4594.600098	-53848.261681	4.000000	4.293023	-11.892016	1.073256
4602.659180	-53848.261681	4.000000	-1.310015	-11.892016	-0.327504
4610.540039	-53848.261681	4.000000	-5.385064	-11.892016	-1.346266
4618.839844	-53848.261681	4.000000	-8.981167	-11.892016	-2.245292
4627.220215	-53848.261681	4.000000	-3.161320	-11.892016	-0.790330
4635.258789	-53848.261681	4.000000	-12.704682	-11.892016	-3.176171
4643.580078	-53848.261681	4.000000	-14.745206	-11.892016	-3.686301
4651.299805	-53848.261681	4.000000	7.292004	-11.892016	1.823001
4659.580078	-53848.261681	4.000000	2.863666	-11.892016	0.715917
4668.000000	-53848.261681	4.000000	1.094129	-11.892016	0.273532
4676.220215	-53848.261681	4.000000	-0.972084	-11.892016	-0.243021
4683.939941	-53848.261681	4.000000	4.334654	-11.892016	1.083664
4692.179199	-53848.261681	4.000000	5.630488	-11.892016	1.407622
4700.220215	-53848.261681	4.000000	2.098917	-11.892016	0.524729
4709.000000	-53848.261681	4.000000	-1.092104	-11.892016	-0.273026
4716.858887	-53848.261681	4.000000	-3.725788	-11.892016	-0.931447
4724.959961	-53848.261681	4.000000	-3.002294	-11.892016	-0.750573
4733.199219	-53848.261681	4.000000	3.949092	-11.892016	0.987273
4741.419922	-53848.261681	4.000000	4.769724	-11.892016	1.192431
4749.540039	-53848.261681	4.000000	-2.914154	-11.892016	-0.728539
4757.659180	-53848.261681	4.000000	1.543452	-11.892016	0.385863
4765.699219	-53848.261681	4.000000	-8.941411	-11.892016	-2.235353
4773.899902	-53848.261681	4.000000	1.893009	-11.892016	0.473252
4781.740234	-53848.261681	4.000000	-2.825640	-11.892016	-0.706410
4790.000000	-53848.261681	4.000000	0.861216	-11.892016	0.215304
4798.080078	-53848.261681	4.000000	-0.773677	-11.892016	-0.193419
4806.040039	-53848.261681	4.000000	-3.725413	-11.892016	-0.931353
4814.020020	-53848.261681	4.000000	-5.503959	-11.892016	-1.375990
4822.258789	-53848.261681	4.000000	-14.976350	-11.892016	-3.744087
4830.720215	-53848.261681	4.000000	-11.060407	-11.892016	-2.765102
4838.959961	-53848.261681	4.000000	-13.649522	-11.892016	-3.412380
4847.299805	-53848.261681	4.000000	-9.285344	-11.892016	-2.321336
4855.580078	-53848.261681	4.000000	-0.269969	-11.892016	-0.067492
4863.560059	-53848.261681	4.000000	-7.020713	-11.892016	-1.755178
4871.500000	-53848.261681	4.000000	-10.700182	-11.892016	-2.675046
4879.819824	-53848.261681	4.000000	-3.063429	-11.892016	-0.765857
4887.858887	-53848.261681	4.000000	-2.189535	-11.892016	-0.547384
4896.040039	-53848.261681	4.000000	-10.716586	-11.892016	-2.679147
4904.419922	-53848.261681	4.000000	-10.766974	-11.892016	-2.691744
4912.479980	-53848.261681	4.000000	-8.453078	-11.892016	-2.113270
4920.520020	-53848.261681	4.000000	-22.985354	-11.892016	-5.746338
4928.379883	-53848.261681	4.000000	-5.715494	-11.892016	-1.428874
4937.020020	-53848.261681	4.000000	-3.973329	-11.892016	-0.993332
4945.040039	-53848.261681	4.000000	-4.484539	-11.892016	-1.121135
4953.240234	-53848.261681	4.000000	-4.163486	-11.892016	-1.040872
4961.339844	-53848.261681	4.000000	-0.321728	-11.892016	-0.080432
4969.540039	-53848.261681	4.000000	-6.157693	-11.892016	-1.539423
4977.640137	-53848.261681	4.000000	-15.941452	-11.892016	-3.985363
4985.839844	-53848.261681	4.000000	-8.168405	-11.892016	-2.042101
4993.778809	-53848.261681	4.000000	-10.703184	-11.892016	-2.675796
5002.179199	-53848.261681	4.000000	-4.611685	-11.892016	-1.152921
