0.800000	-70.326269	3.000000	-1.518515	-0.993898	-0.506172
8.900000	-261.692459	3.000000	-1.551521	-1.045126	-0.517174
16.879000	-264.123600	3.000000	-0.924791	-1.091142	-0.308264
24.959999	-321.031540	3.000000	-1.575525	-1.134261	-0.525175
32.980000	-346.832515	3.000000	-1.463006	-1.174091	-0.487669
41.119999	-392.234636	3.000000	-1.606655	-1.210371	-0.535552
48.980000	-454.477339	3.000000	-1.181334	-1.245011	-0.393778
57.560001	-452.066680	3.000000	-2.021849	-1.276999	-0.673950
65.660004	-494.605163	3.000000	-1.459630	-1.306478	-0.486543
73.660004	-595.856444	3.000000	-1.093194	-1.335309	-0.364398
82.019997	-622.162231	3.000000	-1.625033	-1.361442	-0.541678
89.919998	-668.804984	3.000000	-2.013223	-1.385517	-0.671074
98.620003	-713.709971	3.000000	-1.410497	-1.409142	-0.470166
106.320000	-736.141971	3.000000	-1.950587	-1.430427	-0.650196
114.459999	-784.368181	3.000000	-1.811439	-1.450843	-0.603813
122.639999	-825.259902	3.000000	-1.186960	-1.470533	-0.395653
131.000000	-876.520067	3.000000	-1.429250	-1.488853	-0.476417
139.000000	-952.686704	3.000000	-1.123199	-1.507451	-0.374400
146.878998	-979.125685	3.000000	-2.060481	-1.524393	-0.686827
155.000000	-1041.642225	3.000000	-1.837319	-1.541761	-0.612440
163.259995	-1080.470057	3.000000	-1.015931	-1.558316	-0.338644
171.339996	-1151.377408	3.000000	-1.611531	-1.574277	-0.537177
179.598999	-1159.473389	3.000000	-1.844445	-1.589341	-0.614815
187.539993	-1191.987293	3.000000	-1.445378	-1.603608	-0.481793
195.899994	-1267.532746	3.000000	-1.524141	-1.617633	-0.508047
203.960007	-1300.840218	3.000000	-1.781809	-1.631632	-0.593936
212.378998	-1217.602348	3.000000	-1.992594	-1.642604	-0.664198
220.199997	-1366.935312	3.000000	-1.427000	-1.655254	-0.475667
228.539993	-1410.808341	3.000000	-2.073233	-1.667566	-0.691078
236.199997	-1450.142569	3.000000	-1.544395	-1.678923	-0.514798
244.520004	-1480.618061	3.000000	-0.906413	-1.690774	-0.302138
252.779999	-1581.799535	3.000000	-1.201587	-1.702645	-0.400529
261.140015	-1596.472949	3.000000	-0.815648	-1.713892	-0.271883
269.479004	-1631.887539	3.000000	-1.671166	-1.724745	-0.557055
277.720001	-1702.983574	3.000000	-0.756763	-1.735483	-0.252254
285.759003	-1737.683370	3.000000	-1.029059	-1.746623	-0.343020
293.959015	-1805.550695	3.000000	-2.298646	-1.757664	-0.766215
302.259003	-1855.912534	3.000000	-1.250346	-1.768394	-0.416782
310.140015	-1840.082959	3.000000	-1.042561	-1.778817	-0.347520
318.279999	-1914.161858	3.000000	-1.414248	-1.789036	-0.471416
326.119995	-1967.872380	3.000000	-1.873700	-1.798911	-0.624567
334.600006	-1994.561774	3.000000	-1.632909	-1.808744	-0.544303
342.899994	-2037.963283	3.000000	-2.182001	-1.818048	-0.727334
350.799988	-2076.066619	3.000000	-1.940461	-1.827300	-0.646820
358.920013	-2169.669623	3.000000	-2.205630	-1.837946	-0.735210
367.019989	-2211.727079	3.000000	-1.883076	-1.847709	-0.627692
375.500000	-2253.596454	3.000000	-1.386868	-1.857730	-0.462289
383.779999	-2262.000434	3.000000	-1.677542	-1.866428	-0.559181
391.880005	-2301.184825	3.000000	-1.778809	-1.875219	-0.592936
400.140015	-2368.717791	3.000000	-1.211714	-1.884762	-0.403905
408.179993	-2395.390335	3.000000	-1.416498	-1.894066	-0.472166
416.239990	-2455.152224	3.000000	-1.386868	-1.903413	-0.462289
424.040009	-2499.963441	3.000000	-1.890577	-1.912150	-0.630192
432.600006	-2542.636933	3.000000	-1.467507	-1.921622	-0.489169
440.559998	-2558.506590	3.000000	-1.123199	-1.930018	-0.374400
448.919006	-2624.441616	3.000000	-1.663289	-1.938782	-0.554430
456.799988	-2658.462460	3.000000	-2.264890	-1.947559	-0.754963
464.880005	-2568.622553	3.000000	-1.129950	-1.953222	-0.376650
472.980011	-2760.217253	3.000000	-1.287852	-1.962703	-0.429284
481.480011	-2738.644711	3.000000	-1.784435	-1.970368	-0.594812
489.640015	-2858.648005	3.000000	-1.854946	-1.979529	-0.618315
497.859985	-2862.635578	3.000000	-1.480634	-1.988098	-0.493545
506.019012	-2837.335358	3.000000	-1.853446	-1.995576	-0.617815
514.018982	-2931.785434	3.000000	-1.471257	-2.003797	-0.490419
522.018982	-2964.616239	3.000000	-1.574400	-2.012325	-0.524800
530.000000	-2988.309142	3.000000	-1.587152	-2.020322	-0.529051
538.260010	-3065.030679	3.000000	-1.821566	-2.028577	-0.607189
546.200012	-3135.363927	3.000000	-1.414623	-2.037697	-0.471541
554.218994	-3200.492155	3.000000	-1.342611	-2.047190	-0.447537
562.840027	-3168.345262	3.000000	-1.421749	-2.054824	-0.473916
570.880005	-3276.837642	3.000000	-1.480634	-2.064266	-0.493545
579.320007	-3315.803819	3.000000	-1.204213	-2.072926	-0.401404
587.218994	-3333.252080	3.000000	-1.159205	-2.081158	-0.386402
595.479980	-3358.675520	3.000000	-1.245470	-2.089544	-0.415157
603.619995	-3445.745892	3.000000	-1.790436	-2.098357	-0.596812
611.799988	-3404.289990	3.000000	-1.492261	-2.105707	-0.497420
619.958984	-3498.063386	3.000000	-1.326483	-2.114191	-0.442161
627.820007	-3578.984902	3.000000	-1.644161	-2.122995	-0.548054
635.760010	-3603.724423	3.000000	-1.070316	-2.130876	-0.356772
644.059998	-3655.823124	3.000000	-1.007680	-2.139387	-0.335893
652.280029	-3734.898019	3.000000	-1.062814	-2.148815	-0.354271
660.539978	-3735.595679	3.000000	-1.980217	-2.157078	-0.660072
668.659973	-3913.581119	3.000000	-2.195503	-2.167650	-0.731834
677.020020	-4162.331768	3.000000	-1.832443	-2.181379	-0.610814
684.880005	-3892.028871	3.000000	-1.423249	-2.189401	-0.474416
693.419983	-3943.874654	3.000000	-1.088319	-2.197728	-0.362773
701.619995	-3945.769283	3.000000	-2.528934	-2.205537	-0.842978
709.880005	-4003.784613	3.000000	-1.599154	-2.213036	-0.533051
718.000000	-4043.824925	3.000000	-1.883451	-2.221280	-0.627817
726.039978	-4083.023956	3.000000	-1.528642	-2.229008	-0.509547
733.940002	-4131.292618	3.000000	-1.515140	-2.236984	-0.505047
741.599976	-4188.124777	3.000000	-0.922166	-2.245336	-0.307389
750.059998	-4220.901266	3.000000	-1.435626	-2.253198	-0.478542
758.619995	-4268.246626	3.000000	-1.065440	-2.261720	-0.355147
766.880005	-4303.341852	3.000000	-0.720757	-2.269524	-0.240252
774.898987	-4401.404737	3.000000	-1.239094	-2.278656	-0.413031
783.039978	-4416.767043	3.000000	-1.736427	-2.287354	-0.578809
791.138977	-4452.320603	3.000000	-1.046687	-2.295578	-0.348896
799.299988	-4548.215429	3.000000	-1.135576	-2.304914	-0.378525
807.619995	-4569.747322	3.000000	-1.323483	-2.313488	-0.441161
815.880005	-4611.196915	3.000000	-1.626158	-2.322544	-0.542053
824.080017	-4605.861818	3.000000	-0.886535	-2.329934	-0.295512
832.580017	-4620.882170	3.000000	-1.326483	-2.337589	-0.442161
839.979980	-4702.126184	3.000000	-1.487760	-2.345902	-0.495920
848.219971	-4727.570530	3.000000	-1.640786	-2.353622	-0.546929
856.400024	-4781.646633	3.000000	-1.936335	-2.362170	-0.645445
864.820007	-4849.375194	3.000000	-1.406747	-2.370623	-0.468916
872.599976	-4883.444695	3.000000	-1.344861	-2.378849	-0.448287
880.820007	-4949.347096	3.000000	-1.678292	-2.388200	-0.559431
889.239990	-4989.880351	3.000000	-1.588652	-2.397110	-0.529551
897.599976	-5062.212364	3.000000	-0.883159	-2.406172	-0.294386
905.280029	-5104.695058	3.000000	-1.117948	-2.415356	-0.372649
913.440002	-5123.039827	3.000000	-1.471632	-2.424182	-0.490544
921.580017	-5155.841159	3.000000	-1.363239	-2.433090	-0.454413
929.799988	-5222.428695	3.000000	-1.647912	-2.442098	-0.549304
937.900024	-5250.018482	3.000000	-1.496762	-2.450735	-0.498921
946.000000	-5267.089407	3.000000	-1.492261	-2.459219	-0.497420
953.960022	-5335.838194	3.000000	-1.649412	-2.468067	-0.549804
962.119995	-5391.222972	3.000000	-1.117198	-2.476826	-0.372399
969.940002	-5461.695298	3.000000	-1.732676	-2.486581	-0.577559
978.460022	-5491.035974	3.000000	-1.107447	-2.495265	-0.369149
986.518982	-5497.642756	3.000000	-1.618657	-2.503593	-0.539552
994.580017	-5557.664628	3.000000	-1.412373	-2.512627	-0.470791
1002.940002	-5658.599341	3.000000	-1.868824	-2.522123	-0.622941
1010.940002	-5698.595707	3.000000	-1.243969	-2.531468	-0.414656
1018.900024	-5741.232058	3.000000	-0.389202	-2.541110	-0.129734
1027.099976	-5778.985138	3.000000	-1.493011	-2.549974	-0.497670
1035.560059	-5806.287731	3.000000	-1.351612	-2.558756	-0.450537
1043.418945	-5869.141156	3.000000	-1.054188	-2.568217	-0.351396
1051.560059	-5906.224000	3.000000	-1.266473	-2.577454	-0.422158
1059.680054	-5924.238796	3.000000	-1.333984	-2.585728	-0.444661
1067.619995	-5952.444197	3.000000	-1.388369	-2.594071	-0.462790
1075.979980	-5993.056149	3.000000	-0.429334	-2.601874	-0.143111
1084.318970	-6056.429411	3.000000	-1.382368	-2.610346	-0.460789
1092.418945	-6056.237910	3.000000	-1.448754	-2.617801	-0.482918
1100.418945	-6089.080395	3.000000	-0.978050	-2.625621	-0.326017
1108.798950	-6213.159645	3.000000	-0.912789	-2.635227	-0.304263
1117.180054	-6272.689256	3.000000	-1.237593	-2.644377	-0.412531
1125.219971	-6330.440654	3.000000	-1.135201	-2.654017	-0.378400
1133.459961	-6321.180185	3.000000	-1.295353	-2.662423	-0.431784
1141.500000	-6309.402839	3.000000	-1.061689	-2.669662	-0.353896
1149.479980	-6408.409168	3.000000	-1.331359	-2.678626	-0.443786
1157.838989	-6480.933588	3.000000	-1.619032	-2.687490	-0.539677
1166.239990	-6482.150992	3.000000	-0.949170	-2.695983	-0.316390
1174.359985	-6545.770604	3.000000	-1.225216	-2.704626	-0.408405
1182.318970	-6627.172547	3.000000	-1.906705	-2.713664	-0.635568
1190.359985	-6622.207178	3.000000	-0.886160	-2.722631	-0.295387
1198.859985	-6658.387348	3.000000	-1.350112	-2.730576	-0.450037
1207.180054	-6720.228779	3.000000	-1.253721	-2.739258	-0.417907
1214.880005	-6752.250637	3.000000	-0.633743	-2.747691	-0.211248
1223.338989	-6799.907269	3.000000	-1.501262	-2.756058	-0.500421
1231.900024	-6849.944008	3.000000	-1.284476	-2.765171	-0.428159
1239.798950	-6873.608189	3.000000	-0.371574	-2.773088	-0.123858
1247.859985	-6882.567749	3.000000	-1.708672	-2.781020	-0.569557
1256.298950	-6880.064544	3.000000	-1.069940	-2.787856	-0.356647
1264.318970	-6931.988965	3.000000	-0.975425	-2.794986	-0.325142
1272.560059	-7036.097743	3.000000	-0.828775	-2.803114	-0.276258
1280.680054	-7079.021598	3.000000	-0.532476	-2.811557	-0.177492
1288.818970	-7164.759906	3.000000	-1.051562	-2.820504	-0.350521
1297.000000	-7175.101032	3.000000	-1.281476	-2.829265	-0.427159
1305.219971	-7283.217806	3.000000	-1.336235	-2.838664	-0.445412
1313.280029	-7285.953555	3.000000	-0.866282	-2.847918	-0.288761
1321.020020	-7297.484738	3.000000	-1.680917	-2.856110	-0.560306
1329.540039	-7390.814847	3.000000	-1.187335	-2.864746	-0.395778
1337.798950	-7411.250905	3.000000	-1.249970	-2.873787	-0.416657
1346.040039	-7449.606136	3.000000	-1.744678	-2.881712	-0.581559
1354.239990	-7515.838688	3.000000	-1.092069	-2.890846	-0.364023
1362.298950	-7558.803684	3.000000	-1.726675	-2.899872	-0.575558
1370.400024	-7505.798478	3.000000	-0.266932	-2.906907	-0.088977
1378.640015	-7573.344211	3.000000	-1.562023	-2.914990	-0.520674
1386.660034	-7523.170505	3.000000	-2.435169	-2.920366	-0.811723
1394.459961	-7644.460128	3.000000	-1.166332	-2.928161	-0.388777
1402.880005	-7736.258382	3.000000	-1.471257	-2.937058	-0.490419
1411.380005	-7775.543836	3.000000	-1.112323	-2.945098	-0.370774
1419.280029	-7830.026427	3.000000	-0.932293	-2.953888	-0.310764
1427.459961	-7894.138901	3.000000	-1.140077	-2.963181	-0.380026
1435.640015	-7923.425192	3.000000	-1.344486	-2.971612	-0.448162
1443.920044	-7975.732898	3.000000	-1.197462	-2.980723	-0.399154
1451.939941	-8007.645531	3.000000	-1.817440	-2.989115	-0.605813
1460.160034	-8025.769939	3.000000	-0.942044	-2.997693	-0.314015
1468.140015	-8062.511198	3.000000	-0.470216	-3.005842	-0.156739
1476.219971	-8161.025958	3.000000	-1.267598	-3.014975	-0.422533
1484.219971	-8186.646370	3.000000	-1.260097	-3.023775	-0.420032
1492.579956	-8284.518295	3.000000	-1.414248	-3.033007	-0.471416
1500.739990	-8284.750835	3.000000	-1.135951	-3.042182	-0.378650
1508.939941	-8307.170422	3.000000	-1.232718	-3.050807	-0.410906
1517.099976	-8386.794858	3.000000	-1.847820	-3.059600	-0.615940
1525.560059	-8399.475132	3.000000	-0.829900	-3.068491	-0.276633
1533.619995	-8402.279291	3.000000	-1.669666	-3.075896	-0.556555
1541.719971	-8425.656411	3.000000	-1.552646	-3.083699	-0.517549
1549.798950	-8482.683466	3.000000	-0.674625	-3.090963	-0.224875
1558.119995	-8589.323698	3.000000	-1.560897	-3.099920	-0.520299
1566.099976	-8621.414269	3.000000	-1.912331	-3.108830	-0.637444
1574.160034	-8674.091515	3.000000	-0.948795	-3.117124	-0.316265
1582.619995	-8738.040155	3.000000	-0.577108	-3.126718	-0.192369
1590.560059	-8727.712619	3.000000	-0.999054	-3.134457	-0.333018
1598.640015	-8806.242946	3.000000	-1.022683	-3.143318	-0.340894
1606.739990	-8809.553231	3.000000	-1.142703	-3.151721	-0.380901
1615.160034	-8805.531645	3.000000	-1.709422	-3.158702	-0.569807
1623.260010	-8920.803454	3.000000	-0.962673	-3.167691	-0.320891
1631.459961	-8987.501646	3.000000	-1.402996	-3.176933	-0.467665
1639.739990	-8994.067507	3.000000	-1.389494	-3.184920	-0.463165
1647.839966	-8978.364156	3.000000	-1.750304	-3.192650	-0.583435
1656.078979	-9033.832009	3.000000	-1.423999	-3.199800	-0.474666
1663.859985	-9102.130678	3.000000	-1.653538	-3.207911	-0.551179
1671.839966	-9193.533028	3.000000	-1.537268	-3.217425	-0.512423
1680.279053	-9223.790747	3.000000	-1.692919	-3.225853	-0.564306
1688.500000	-9232.736747	3.000000	-1.234218	-3.233824	-0.411406
1696.699951	-9272.460273	3.000000	-1.033559	-3.242143	-0.344520
1704.619995	-9297.820960	3.000000	-0.678375	-3.249858	-0.226125
1712.920044	-9306.247165	3.000000	-1.327233	-3.257420	-0.442411
1721.038940	-9371.304051	3.000000	-1.117198	-3.265034	-0.372399
1729.380005	-9405.460295	3.000000	-1.819691	-3.272572	-0.606564
1737.420044	-9437.701499	3.000000	-1.506513	-3.280343	-0.502171
1745.699951	-9467.275320	3.000000	-1.336235	-3.287528	-0.445412
1753.678955	-9491.528046	3.000000	-2.217257	-3.294850	-0.739086
1761.920044	-9517.039237	3.000000	-1.898454	-3.301571	-0.632818
1769.979980	-9540.279731	3.000000	-1.592028	-3.308624	-0.530676
1778.000000	-9548.651234	3.000000	-2.113740	-3.314695	-0.704580
1785.939941	-9670.626275	3.000000	-1.388744	-3.322899	-0.462915
1794.400024	-9736.203119	3.000000	-1.126200	-3.331078	-0.375400
1802.800049	-9789.824590	3.000000	-1.135951	-3.339229	-0.378650
1810.959961	-9795.227775	3.000000	-1.631784	-3.346443	-0.543928
1819.060059	-9845.443208	3.000000	-1.317107	-3.354458	-0.439036
1827.300049	-9883.580138	3.000000	-1.643411	-3.362585	-0.547804
1835.319946	-9851.434590	3.000000	-0.796520	-3.369651	-0.265507
1843.500000	-9977.841869	3.000000	-0.927792	-3.377766	-0.309264
1851.699951	-10041.066068	3.000000	-1.448379	-3.386370	-0.482793
1859.839966	-10077.807795	3.000000	-1.496387	-3.395122	-0.498796
1867.839966	-10150.552611	3.000000	-1.333234	-3.403799	-0.444411
1876.260010	-10201.082786	3.000000	-0.990427	-3.413152	-0.330142
1883.678955	-10228.025194	3.000000	-1.635535	-3.421716	-0.545178
1891.699951	-10249.845330	3.000000	-1.554896	-3.429471	-0.518299
1900.099976	-10319.136236	3.000000	-1.521141	-3.438143	-0.507047
1908.859985	-10268.040177	3.000000	-0.973174	-3.445389	-0.324391
1916.760010	-10353.952695	3.000000	-1.205713	-3.453204	-0.401904
1924.900024	-10420.917951	3.000000	-1.218840	-3.461788	-0.406280
1933.140015	-10459.701712	3.000000	-1.744303	-3.469807	-0.581434
1941.199951	-10486.070567	3.000000	-1.392869	-3.478331	-0.464290
1949.578979	-10527.214190	3.000000	-1.950963	-3.486486	-0.650321
1957.699951	-10585.971254	3.000000	-1.798687	-3.494301	-0.599562
1965.699951	-10557.755550	3.000000	-0.862156	-3.501635	-0.287385
1973.839966	-10622.839775	3.000000	-2.117865	-3.509069	-0.705955
1982.038940	-10605.534143	3.000000	-2.002346	-3.515497	-0.667449
1989.819946	-10625.302237	3.000000	-1.288227	-3.522366	-0.429409
1997.760010	-10640.555818	3.000000	-1.815190	-3.528481	-0.605063
2006.140015	-10736.968035	3.000000	-1.464131	-3.535346	-0.488044
2014.300049	-10766.141369	3.000000	-1.259722	-3.542836	-0.419907
2022.800049	-10766.449177	3.000000	-1.109697	-3.549112	-0.369899
2030.239990	-10755.573303	3.000000	-1.402996	-3.554682	-0.467665
2038.900024	-10790.150374	3.000000	-0.493845	-3.560722	-0.164615
2046.959961	-10861.048763	3.000000	-1.359489	-3.567170	-0.453163
2055.079102	-10903.184229	3.000000	-1.029434	-3.574215	-0.343145
2063.439941	-10910.229607	3.000000	-1.753304	-3.580355	-0.584435
2071.239990	-10972.748793	3.000000	-1.500887	-3.586522	-0.500296
2079.620117	-11026.888770	3.000000	-1.526767	-3.593860	-0.508922
2087.399902	-11075.864419	3.000000	-1.888327	-3.601234	-0.629442
2095.760010	-11111.433328	3.000000	-1.362114	-3.608403	-0.454038
2104.000000	-11135.886954	3.000000	-1.662539	-3.615292	-0.554180
2112.300049	-11107.055616	3.000000	-1.057188	-3.621015	-0.352396
2120.099121	-11212.907330	3.000000	-1.344486	-3.628229	-0.448162
2128.399902	-11231.581010	3.000000	-1.940836	-3.635113	-0.646945
2136.579102	-11266.807916	3.000000	-1.384243	-3.641662	-0.461414
2144.620117	-11322.008140	3.000000	-1.525266	-3.649184	-0.508422
2153.020020	-11353.541356	3.000000	-1.608155	-3.656498	-0.536052
2161.079102	-11412.879893	3.000000	-1.680167	-3.664048	-0.560056
2169.339111	-11466.609488	3.000000	-1.381617	-3.672019	-0.460539
2177.579102	-11541.099029	3.000000	-1.341111	-3.679998	-0.447037
2185.419922	-11589.322290	3.000000	-1.486260	-3.688277	-0.495420
2193.620117	-11612.134287	3.000000	-1.235343	-3.696814	-0.411781
2201.979980	-11680.638684	3.000000	-1.639285	-3.704957	-0.546428
2210.079102	-11676.739782	3.000000	-0.310814	-3.713228	-0.103605
2218.300049	-11681.664711	3.000000	-1.705296	-3.719997	-0.568432
2226.520020	-11733.273869	3.000000	-2.050354	-3.726994	-0.683451
2234.439941	-11813.406585	3.000000	-0.803271	-3.735390	-0.267757
2242.560059	-11804.309144	3.000000	-1.443878	-3.742287	-0.481293
2250.719971	-11895.830769	3.000000	-0.499846	-3.750695	-0.166615
2259.178955	-11958.350032	3.000000	-1.423249	-3.759319	-0.474416
2267.378906	-11978.699574	3.000000	-1.633284	-3.767358	-0.544428
2275.459961	-12025.144414	3.000000	-0.813023	-3.775786	-0.271008
2283.599121	-12045.904369	3.000000	-1.285601	-3.783388	-0.428534
2291.579102	-12062.628617	3.000000	-1.190711	-3.790939	-0.396904
2299.378906	-12157.809771	3.000000	-1.316357	-3.799643	-0.438786
2307.839111	-12137.152416	3.000000	-1.383118	-3.806560	-0.461039
2316.260010	-12204.938641	3.000000	-0.895161	-3.814487	-0.298387
2324.459961	-12275.563548	3.000000	-0.827275	-3.822951	-0.275758
2332.199951	-12287.910082	3.000000	-1.643411	-3.830850	-0.547804
2340.219971	-12317.220277	3.000000	-0.382826	-3.838228	-0.127609
2348.378906	-12392.428120	3.000000	-0.931917	-3.846908	-0.310639
2356.678955	-12442.224677	3.000000	-1.301354	-3.855384	-0.433785
2364.699951	-12452.895368	3.000000	-1.260847	-3.862726	-0.420282
2373.260010	-12482.205568	3.000000	-1.415748	-3.870793	-0.471916
2381.040039	-12532.036332	3.000000	-1.884201	-3.878523	-0.628067
2389.459961	-12641.752948	3.000000	-1.788935	-3.887665	-0.596312
2397.419922	-12716.413609	3.000000	-1.060189	-3.897251	-0.353396
2405.199951	-12736.660569	3.000000	-1.188460	-3.906308	-0.396153
2413.540039	-12772.537364	3.000000	-0.960047	-3.915112	-0.320016
2422.040039	-12802.702601	3.000000	-1.366240	-3.923464	-0.455413
2430.040039	-12856.842707	3.000000	-1.173458	-3.932124	-0.391153
2438.378906	-12892.993115	3.000000	-1.286352	-3.941169	-0.428784
2446.320068	-12917.652004	3.000000	-1.266473	-3.948944	-0.422158
2454.459961	-13012.696466	3.000000	-1.447628	-3.958129	-0.482543
2462.459961	-13066.186770	3.000000	-1.569149	-3.967611	-0.523050
2470.699951	-13087.117760	3.000000	-1.178709	-3.976155	-0.392903
2478.780029	-13134.520298	3.000000	-1.646037	-3.985272	-0.548679
2487.280029	-13124.533615	3.000000	-1.565773	-3.993352	-0.521924
2495.260010	-13208.839001	3.000000	-1.278850	-4.001575	-0.426283
2503.339111	-13288.766673	3.000000	-1.463006	-4.011065	-0.487669
2511.399902	-13349.028792	3.000000	-1.382368	-4.020346	-0.460789
2519.360107	-13354.295742	3.000000	-1.227467	-4.028742	-0.409156
2527.739990	-13426.117798	3.000000	-1.335110	-4.038424	-0.445037
2535.300049	-13517.981639	3.000000	-0.963423	-4.047866	-0.321141
2544.040039	-13568.120286	3.000000	-1.626533	-4.058326	-0.542178
2552.419922	-13643.841278	3.000000	-1.420624	-4.068854	-0.473541
2560.560059	-13649.997456	3.000000	-1.433001	-4.078207	-0.477667
2568.800049	-13659.881543	3.000000	-0.505471	-4.087268	-0.168490
2576.899902	-13780.337450	3.000000	-1.556022	-4.097011	-0.518674
2584.878906	-13861.393823	3.000000	-0.932293	-4.108072	-0.310764
2593.280029	-13905.205310	3.000000	-1.173458	-4.118640	-0.391153
2601.378906	-13974.188741	3.000000	-1.533518	-4.129095	-0.511173
2609.419922	-14004.832846	3.000000	-1.212089	-4.139246	-0.404030
2617.579102	-14043.343186	3.000000	-2.091236	-4.149173	-0.697079
2625.679932	-14156.001332	3.000000	-1.101071	-4.159901	-0.367024
2633.780029	-14140.816079	3.000000	-0.975050	-4.170233	-0.325017
2642.000000	-14189.449929	3.000000	-1.620157	-4.179570	-0.540052
2650.139893	-14243.966358	3.000000	-1.394370	-4.189641	-0.464790
2658.379883	-14276.970346	3.000000	-1.898454	-4.199496	-0.632818
2666.379883	-14298.551194	3.000000	-1.676792	-4.208224	-0.558931
2674.679932	-14320.542454	3.000000	-1.848570	-4.217305	-0.616190
2683.020020	-14414.492684	3.000000	-1.612281	-4.226635	-0.537427
2691.000000	-14465.931039	3.000000	-1.171957	-4.236554	-0.390652
2699.239990	-14476.157149	3.000000	-1.569149	-4.245130	-0.523050
2707.540039	-14552.664871	3.000000	-1.691794	-4.254864	-0.563931
2715.560059	-14622.777008	3.000000	-1.489635	-4.264675	-0.496545
2723.459961	-14650.035240	3.000000	-0.398579	-4.273519	-0.132860
2731.679932	-14708.553232	3.000000	-1.347112	-4.283651	-0.449037
2739.659912	-14774.082445	3.000000	-1.055688	-4.293245	-0.351896
2748.000000	-14795.663310	3.000000	-1.211714	-4.302594	-0.403905
2756.500000	-14894.093950	3.000000	-0.949545	-4.313138	-0.316515
2764.479980	-14922.412428	3.000000	-0.709880	-4.322532	-0.236627
2772.719971	-14986.949833	3.000000	-1.173833	-4.333040	-0.391278
2780.719971	-15045.707265	3.000000	-1.672666	-4.342830	-0.557555
2788.699951	-15117.974125	3.000000	-1.038060	-4.353719	-0.346020
2797.020020	-15168.181301	3.000000	-0.942044	-4.363834	-0.314015
2805.439941	-15172.182827	3.000000	-0.808897	-4.373588	-0.269632
2813.620117	-15219.277709	3.000000	-0.795020	-4.383282	-0.265007
2821.679932	-15268.082649	3.000000	-1.652788	-4.392440	-0.550929
2829.659912	-15214.694765	3.000000	-1.750679	-4.400234	-0.583560
2837.479980	-15287.850874	3.000000	-1.255221	-4.408486	-0.418407
2845.939941	-15430.127391	3.000000	-1.036560	-4.418617	-0.345520
2853.939941	-15485.020143	3.000000	-1.424750	-4.429069	-0.474917
2862.580078	-15514.672492	3.000000	-1.814440	-4.438875	-0.604813
2870.340088	-15532.901675	3.000000	-1.090944	-4.447580	-0.363648
2878.620117	-15585.844974	3.000000	-1.096570	-4.457070	-0.365523
2886.620117	-15691.799989	3.000000	-0.439460	-4.467153	-0.146487
2894.379883	-15769.299699	3.000000	-1.645661	-4.478105	-0.548554
2902.739990	-15833.802996	3.000000	-1.371491	-4.489042	-0.457164
2910.939941	-15822.311422	3.000000	-0.724133	-4.499057	-0.241378
2919.099121	-15879.222077	3.000000	-0.892536	-4.508479	-0.297512
2927.040039	-15919.168983	3.000000	-1.161081	-4.517860	-0.387027
2935.159912	-16025.329266	3.000000	-0.889535	-4.528076	-0.296512
2943.120117	-16091.953063	3.000000	-1.296478	-4.538559	-0.432159
2951.120117	-16088.601352	3.000000	-1.366990	-4.548803	-0.455663
2959.580078	-16178.550329	3.000000	-1.740927	-4.559607	-0.580309
2967.899902	-16211.075610	3.000000	-1.118699	-4.569330	-0.372900
2976.059082	-16267.199678	3.000000	-0.917665	-4.579954	-0.305888
2984.120117	-16297.023073	3.000000	-1.088319	-4.589371	-0.362773
2992.379883	-16393.504503	3.000000	-1.136327	-4.600520	-0.378776
3000.340088	-16455.955803	3.000000	-1.290477	-4.610876	-0.430159
3008.360107	-16406.774549	3.000000	-0.965673	-4.619829	-0.321891
3016.580078	-16473.398391	3.000000	-1.495261	-4.629006	-0.498420
3024.780029	-16522.135036	3.000000	-1.443878	-4.638608	-0.481293
3032.939941	-16609.347991	3.000000	-1.030559	-4.648387	-0.343520
3040.860107	-16634.007029	3.000000	-1.589777	-4.658414	-0.529926
3049.300049	-16703.401194	3.000000	-1.197087	-4.667832	-0.399029
3057.419922	-16745.058218	3.000000	-0.554230	-4.677959	-0.184743
3065.360107	-16814.383994	3.000000	-0.990802	-4.687721	-0.330267
3073.580078	-16845.267656	3.000000	-1.333609	-4.697416	-0.444536
3082.159912	-16861.444813	3.000000	-1.517765	-4.706737	-0.505922
3090.159912	-16927.760900	3.000000	-0.805146	-4.715922	-0.268382
3098.500000	-16958.986580	3.000000	-1.756680	-4.725489	-0.585560
3106.340088	-17017.573211	3.000000	-1.426625	-4.734413	-0.475542
3114.760010	-17088.232870	3.000000	-1.271349	-4.744549	-0.423783
3123.059082	-17176.540356	3.000000	-1.051937	-4.755008	-0.350646
3131.219971	-17204.653741	3.000000	-1.061689	-4.764602	-0.353896
3139.080078	-17272.508926	3.000000	-1.005055	-4.775207	-0.335018
3147.399902	-17307.428357	3.000000	-1.271349	-4.784396	-0.423783
3155.340088	-17337.320212	3.000000	-1.943836	-4.794162	-0.647945
3163.659912	-17368.238106	3.000000	-1.256347	-4.803452	-0.418782
3171.399902	-17399.600617	3.000000	-1.347112	-4.812196	-0.449037
3180.159912	-17425.525137	3.000000	-1.312231	-4.821306	-0.437410
3188.559082	-17450.731433	3.000000	-1.570649	-4.829393	-0.523550
3196.620117	-17516.329369	3.000000	-1.439002	-4.837945	-0.479667
3204.719971	-17619.411858	3.000000	-1.700796	-4.847916	-0.566932
3212.939941	-17658.093448	3.000000	-1.785935	-4.857133	-0.595312
3220.919922	-17704.504519	3.000000	-1.240969	-4.867056	-0.413656
3229.239990	-17778.447590	3.000000	-1.545145	-4.876795	-0.515048
3237.219971	-17803.380293	3.000000	-1.702671	-4.886016	-0.567557
3245.219971	-17859.914946	3.000000	-1.225591	-4.895967	-0.408530
3253.399902	-17913.029480	3.000000	-1.619407	-4.905501	-0.539802
3261.559082	-17939.603850	3.000000	-1.258972	-4.914037	-0.419657
3269.820068	-17936.799347	3.000000	-1.080817	-4.922774	-0.360272
3277.899902	-18031.571017	3.000000	-1.434501	-4.931891	-0.478167
3286.399902	-18046.516966	3.000000	-0.931167	-4.940788	-0.310389
3294.419922	-18088.139896	3.000000	-1.736802	-4.949604	-0.578934
3302.719971	-18117.176766	3.000000	-0.996428	-4.957748	-0.332143
3310.479980	-18205.245022	3.000000	-0.526475	-4.967202	-0.175492
3318.658936	-18157.534256	3.000000	-0.977300	-4.974848	-0.325767
3327.020020	-18239.241083	3.000000	-1.631784	-4.982839	-0.543928
3335.419922	-18318.930047	3.000000	-1.472383	-4.992149	-0.490794
3343.639893	-18361.100222	3.000000	-1.186585	-5.000705	-0.395528
3351.780029	-18411.718116	3.000000	-1.107072	-5.009854	-0.369024
3359.699951	-18390.102906	3.000000	-2.054480	-5.017569	-0.684827
3367.780029	-18473.622440	3.000000	-0.480342	-5.026149	-0.160114
3376.079102	-18510.867642	3.000000	-1.884576	-5.034409	-0.628192
3384.439941	-18580.159458	3.000000	-0.882034	-5.043370	-0.294011
3392.520020	-18601.843078	3.000000	-1.366615	-5.052327	-0.455538
3400.658936	-18711.013625	3.000000	-1.429625	-5.061184	-0.476542
3408.739990	-18774.422845	3.000000	-0.626992	-5.070926	-0.208997
3416.979980	-18829.008135	3.000000	-1.201587	-5.081129	-0.400529
3424.879883	-18838.379294	3.000000	-1.032059	-5.090118	-0.344020
3433.280029	-18797.884942	3.000000	-0.695628	-5.098106	-0.231876
3441.579102	-18921.625295	3.000000	-1.832443	-5.107195	-0.610814
3449.658936	-18946.318647	3.000000	-0.113906	-5.115751	-0.037969
3457.800049	-19035.276289	3.000000	-1.351612	-5.125610	-0.450537
3466.100098	-19080.456243	3.000000	-0.810397	-5.134663	-0.270132
3474.100098	-19122.831692	3.000000	-0.376450	-5.144217	-0.125483
3482.439941	-19182.068404	3.000000	-1.358364	-5.153863	-0.452788
3490.320068	-19238.261204	3.000000	-0.512223	-5.163465	-0.170741
3498.719971	-19247.529768	3.000000	-1.665165	-5.172707	-0.555055
3506.719971	-19299.721018	3.000000	-1.453629	-5.181331	-0.484543
3514.679932	-19372.296279	3.000000	-0.668249	-5.191358	-0.222750
3522.899902	-19388.644526	3.000000	-1.539519	-5.200155	-0.513173
3530.879883	-19472.950867	3.000000	-1.233468	-5.209781	-0.411156
3539.379883	-19505.271151	3.000000	-0.904913	-5.219508	-0.301638
3547.419922	-19560.437950	3.000000	-0.926667	-5.228761	-0.308889
3555.620117	-19627.199019	3.000000	-1.443503	-5.238676	-0.481168
3563.820068	-19698.064263	3.000000	-0.921791	-5.248134	-0.307264
3572.020020	-19714.788736	3.000000	-1.175708	-5.257820	-0.391903
3580.079102	-19737.908868	3.000000	-0.922916	-5.266929	-0.307639
3588.260010	-19788.458508	3.000000	-1.335110	-5.275790	-0.445037
3596.419922	-19827.140272	3.000000	-1.108197	-5.285505	-0.369399
3604.559082	-19875.569436	3.000000	-1.153579	-5.294225	-0.384526
3612.620117	-19903.648777	3.000000	-1.221091	-5.302577	-0.407030
3620.800049	-19959.328645	3.000000	-1.705672	-5.311895	-0.568557
3629.000000	-20007.381608	3.000000	-1.296853	-5.320523	-0.432284
3637.179932	-20061.625030	3.000000	-0.795395	-5.330021	-0.265132
3645.139893	-20124.692422	3.000000	-1.598029	-5.339006	-0.532676
3653.379883	-20129.001799	3.000000	-0.825400	-5.347755	-0.275133
3661.540039	-20206.810009	3.000000	-0.920291	-5.357096	-0.306764
3669.879883	-20212.863660	3.000000	-1.496012	-5.365248	-0.498671
3678.020020	-20303.292209	3.000000	-1.112698	-5.374766	-0.370899
3686.120117	-20325.762544	3.000000	-0.370074	-5.383358	-0.123358
3694.280029	-20396.593698	3.000000	-1.900704	-5.393141	-0.633568
3702.300049	-20401.552905	3.000000	-0.883534	-5.401549	-0.294511
3710.559082	-20436.677774	3.000000	-0.307063	-5.409656	-0.102354
3718.739990	-20507.782557	3.000000	-1.417248	-5.418665	-0.472416
3726.658936	-20592.978347	3.000000	-1.080817	-5.428432	-0.360272
3734.939941	-20587.882331	3.000000	-1.179834	-5.436724	-0.393278
3742.979980	-20640.723566	3.000000	-1.289352	-5.445436	-0.429784
3750.979980	-20704.714480	3.000000	-1.108197	-5.455022	-0.369399
3759.280029	-20770.757491	3.000000	-0.549354	-5.463579	-0.183118
3767.059082	-20803.214676	3.000000	-0.634118	-5.472824	-0.211373
3775.419922	-20830.302234	3.000000	-0.869657	-5.481773	-0.289886
3783.939941	-20826.745282	3.000000	-0.555730	-5.489223	-0.185243
3791.858887	-20917.071355	3.000000	-1.654288	-5.498617	-0.551429
3800.260010	-20976.958133	3.000000	-0.835151	-5.507282	-0.278384
3808.239990	-21017.555286	3.000000	-1.213589	-5.516932	-0.404530
3816.419922	-21046.250327	3.000000	-0.804396	-5.525616	-0.268132
3824.479980	-21107.847198	3.000000	-1.599529	-5.534233	-0.533176
3832.600098	-21222.661600	3.000000	-1.453629	-5.544336	-0.484543
3840.540039	-21234.734728	3.000000	-1.203838	-5.553513	-0.401279
3848.919922	-21299.341359	3.000000	-1.315231	-5.563741	-0.438410
3857.399902	-21286.755206	3.000000	-0.912789	-5.572265	-0.304263
3865.419922	-21322.700984	3.000000	-0.553855	-5.580789	-0.184618
3873.658936	-21400.680418	3.000000	-0.700129	-5.590159	-0.233376
3881.658936	-21388.880898	3.000000	-1.296853	-5.598006	-0.432284
3889.899902	-21430.606740	3.000000	-1.639660	-5.606522	-0.546553
3898.020020	-21498.086328	3.000000	0.106255	-5.614605	0.035418
3906.379883	-21528.149463	3.000000	-0.116532	-5.622873	-0.038844
3914.239990	-21566.557772	3.000000	-1.050062	-5.631510	-0.350021
3922.399902	-21700.593562	3.000000	-1.046312	-5.641280	-0.348771
3930.479980	-21729.767472	3.000000	-1.253721	-5.650337	-0.417907
3939.059082	-21729.801673	3.000000	-0.229801	-5.659371	-0.076600
3946.959961	-21753.161323	3.000000	-1.768682	-5.667354	-0.589561
3954.939941	-21840.477861	3.000000	-1.331359	-5.676279	-0.443786
3963.120117	-21912.540524	3.000000	-1.245095	-5.686181	-0.415032
3971.120117	-21876.115873	3.000000	-0.913914	-5.693692	-0.304638
3979.459961	-21927.691812	3.000000	-1.024933	-5.702172	-0.341644
3987.739990	-22024.037598	3.000000	-1.496762	-5.711353	-0.498921
3995.579102	-22060.975286	3.000000	-1.275850	-5.719950	-0.425283
4003.760010	-22108.207649	3.000000	-0.560606	-5.729051	-0.186869
4011.879883	-22173.190634	3.000000	-1.033934	-5.738148	-0.344645
4020.079102	-22235.745318	3.000000	-1.481759	-5.747823	-0.493920
4028.280029	-22255.855847	3.000000	-1.348612	-5.756523	-0.449537
4036.699951	-22263.277590	3.000000	-1.152079	-5.764875	-0.384026
4044.679932	-22271.417567	3.000000	-1.221466	-5.772690	-0.407155
4052.979980	-22349.260376	3.000000	-0.762389	-5.781451	-0.254130
4061.040039	-22421.152122	3.000000	-1.145703	-5.790003	-0.381901
4069.040039	-22402.409648	3.000000	-1.203088	-5.798279	-0.401029
4077.100098	-22411.849288	3.000000	-1.808439	-5.805220	-0.602813
4085.500000	-22480.628700	3.000000	-0.985176	-5.813075	-0.328392
4093.620117	-22564.183219	3.000000	-1.288227	-5.822052	-0.429409
4101.778809	-22598.419029	3.000000	-1.780309	-5.830087	-0.593436
4109.839844	-22582.104861	3.000000	-1.209089	-5.837718	-0.403030
4118.319824	-22666.617046	3.000000	-1.373741	-5.845761	-0.457914
4126.140137	-22740.082125	3.000000	-1.828317	-5.854578	-0.609439
4134.179199	-22758.448397	3.000000	-1.344111	-5.862757	-0.448037
4142.500000	-22820.353342	3.000000	-1.468632	-5.871458	-0.489544
4150.778809	-22894.673491	3.000000	-1.610031	-5.880439	-0.536677
4159.060059	-22974.636925	3.000000	-1.740552	-5.890382	-0.580184
4167.140137	-22978.877929	3.000000	-1.085693	-5.898858	-0.361898
4175.020020	-23005.144792	3.000000	-1.476508	-5.908036	-0.492169
4183.419922	-23096.771013	3.000000	-0.991177	-5.917081	-0.330392
4191.479980	-23130.049224	3.000000	-0.975050	-5.925753	-0.325017
4199.819824	-23206.934557	3.000000	-1.889452	-5.935724	-0.629817
4207.939941	-23292.199315	3.000000	-1.245470	-5.945599	-0.415157
4215.679199	-23304.580320	3.000000	-1.018932	-5.955498	-0.339644
4223.959961	-23341.244515	3.000000	-1.387993	-5.964567	-0.462664
4232.140137	-23387.758797	3.000000	-0.426708	-5.973737	-0.142236
4240.459961	-23420.866025	3.000000	-0.715506	-5.983491	-0.238502
4248.679199	-23462.318467	3.000000	-0.945045	-5.992240	-0.315015
4257.000000	-23497.512005	3.000000	-0.793144	-6.001369	-0.264381
4264.858887	-23534.552437	3.000000	-1.306980	-6.010090	-0.435660
4272.740234	-23584.144896	3.000000	-1.282601	-6.018698	-0.427534
4281.040039	-23636.849716	3.000000	-1.442002	-6.027792	-0.480667
4289.159180	-23692.564294	3.000000	-1.084943	-6.036577	-0.361648
4297.220215	-23725.705750	3.000000	-1.511389	-6.045245	-0.503796
4305.479980	-23822.907025	3.000000	-0.715506	-6.054964	-0.238502
4313.740234	-23848.353105	3.000000	-0.759014	-6.064125	-0.253005
4321.858887	-23846.779826	3.000000	-0.966798	-6.072790	-0.322266
4330.220215	-23934.438850	3.000000	-2.039852	-6.081642	-0.679951
4338.220215	-23969.085204	3.000000	-1.235343	-6.090712	-0.411781
4346.399902	-24005.407446	3.000000	-0.794645	-6.099440	-0.264882
4354.459961	-24086.431369	3.000000	-1.243594	-6.108598	-0.414531
4362.799805	-24104.045268	3.000000	-1.381617	-6.117694	-0.460539
4370.939941	-24144.882154	3.000000	-1.381617	-6.126650	-0.460539
4379.020020	-24190.780905	3.000000	-1.659164	-6.134869	-0.553055
4386.778809	-24189.652247	3.000000	-0.872283	-6.142695	-0.290761
4394.600098	-24285.827591	3.000000	-2.202255	-6.151763	-0.734085
4402.839844	-24333.778465	3.000000	-1.143828	-6.160247	-0.381276
4411.140137	-24329.776858	3.000000	-0.652121	-6.168041	-0.217374
4419.799805	-24415.007671	3.000000	-1.216590	-6.177317	-0.405530
4427.879883	-24412.066318	3.000000	-1.905955	-6.184695	-0.635318
4436.120117	-24472.398253	3.000000	-1.003554	-6.193266	-0.334518
4444.278809	-24542.033084	3.000000	-1.518515	-6.201613	-0.506172
4452.439941	-24571.720236	3.000000	-1.378992	-6.210273	-0.459664
4460.600098	-24677.164368	3.000000	-1.458130	-6.219797	-0.486043
4469.120117	-24711.844995	3.000000	-1.184710	-6.229186	-0.394903
4477.258789	-24738.214586	3.000000	-1.625783	-6.237925	-0.541928
4485.339844	-24753.742205	3.000000	-1.237968	-6.246160	-0.412656
4493.358887	-24863.461618	3.000000	-1.574775	-6.256278	-0.524925
4500.979980	-24883.161866	3.000000	-1.047812	-6.264969	-0.349271
4509.459961	-24898.723694	3.000000	-1.546270	-6.273404	-0.515423
4517.819824	-24984.125650	3.000000	-1.386118	-6.282961	-0.462039
4526.020020	-24992.641905	3.000000	0.037619	-6.291372	0.012540
4534.379883	-25061.182379	3.000000	-1.305480	-6.300536	-0.435160
4542.419922	-25155.408450	3.000000	-0.921041	-6.310525	-0.307014
4550.358887	-25177.058219	3.000000	-1.053813	-6.319617	-0.351271
4558.419922	-25188.857856	3.000000	-0.620616	-6.328798	-0.206872
4566.620117	-25216.869172	3.000000	-0.951421	-6.336680	-0.317140
4574.879883	-25177.297632	3.000000	-0.984426	-6.343473	-0.328142
4583.199219	-25286.811965	3.000000	-1.033934	-6.352092	-0.344645
4591.199219	-25346.220597	3.000000	-0.679500	-6.360215	-0.226500
4599.159180	-25395.950111	3.000000	-0.745136	-6.369075	-0.248379
4607.580078	-25450.125875	3.000000	-1.286727	-6.377959	-0.428909
4615.560059	-25495.716976	3.000000	-1.190711	-6.386322	-0.396904
4623.819824	-25547.909047	3.000000	-0.807022	-6.395846	-0.269007
4631.939941	-25590.320118	3.000000	-1.648287	-6.404530	-0.549429
4640.159180	-25647.198700	3.000000	-1.524891	-6.414359	-0.508297
4648.199219	-25665.451803	3.000000	-0.308939	-6.423411	-0.102980
4656.240234	-25723.971117	3.000000	-0.632993	-6.432375	-0.210998
4664.399902	-25745.710769	3.000000	-1.123199	-6.441411	-0.374400
4672.679199	-25788.506438	3.000000	-0.294311	-6.450054	-0.098104
4680.959961	-25840.257751	3.000000	-0.665998	-6.458922	-0.221999
4688.939941	-25849.213395	3.000000	-0.984801	-6.467349	-0.328267
4697.040039	-25887.018517	3.000000	-0.754138	-6.474951	-0.251379
4705.258789	-25936.855651	3.000000	-1.157330	-6.483626	-0.385777
4713.540039	-26044.596840	3.000000	-0.852029	-6.492718	-0.284010
4721.339844	-26082.675422	3.000000	-0.391453	-6.501834	-0.130484
4729.720215	-26120.207096	3.000000	-0.131534	-6.510910	-0.043845
4737.560059	-26159.789682	3.000000	-1.050812	-6.519746	-0.350271
4745.740234	-26222.069020	3.000000	-1.066565	-6.529175	-0.355522
4753.839844	-26313.949850	3.000000	-0.604113	-6.539284	-0.201371
4761.959961	-26308.002206	3.000000	-0.500221	-6.547968	-0.166740
4769.919922	-26378.895380	3.000000	-0.616865	-6.557548	-0.205622
4778.520020	-26477.065682	3.000000	-1.366240	-6.568114	-0.455413
4786.819824	-26502.018441	3.000000	-1.037685	-6.577991	-0.345895
4794.858887	-26528.885385	3.000000	-0.499846	-6.587404	-0.166615
4802.939941	-26613.998226	3.000000	-1.389494	-6.597409	-0.463165
4810.720215	-26643.052811	3.000000	-0.766515	-6.606862	-0.255505
4818.899902	-26686.873964	3.000000	-0.702754	-6.616675	-0.234251
4827.640137	-26708.066721	3.000000	-0.275183	-6.625438	-0.091728
4835.419922	-26720.167102	3.000000	-0.756763	-6.633953	-0.252254
4843.620117	-26757.151883	3.000000	-0.545603	-6.642405	-0.181868
4851.640137	-26820.935251	3.000000	-0.279684	-6.650792	-0.093228
4860.240234	-26826.267623	3.000000	0.033493	-6.659011	0.011164
4868.258789	-26902.014650	3.000000	-0.579359	-6.667902	-0.193120
4876.159180	-26921.361589	3.000000	-0.719632	-6.675665	-0.239877
4884.459961	-26941.528894	3.000000	-0.773266	-6.683499	-0.257755
4892.520020	-27017.275927	3.000000	-1.032059	-6.692086	-0.344020
4900.580078	-27068.001831	3.000000	-0.646495	-6.700361	-0.215498
4908.520020	-27111.754633	3.000000	-1.097695	-6.709373	-0.365898
4916.899902	-27137.322678	3.000000	-1.248845	-6.717616	-0.416282
4924.939941	-27103.892801	3.000000	-0.852029	-6.724145	-0.284010
4932.939941	-27208.215895	3.000000	-0.791269	-6.732612	-0.263756
4941.358887	-27231.733028	3.000000	-0.971299	-6.739894	-0.323766
4949.358887	-27313.837908	3.000000	-0.061773	-6.748777	-0.020591
4957.699219	-27377.074392	3.000000	-0.626992	-6.757421	-0.208997
4965.740234	-27420.553750	3.000000	-0.059897	-6.766505	-0.019966
4973.959961	-27465.263657	3.000000	-0.367824	-6.775236	-0.122608
4982.278809	-27409.683910	3.000000	-0.242928	-6.782005	-0.080976
4990.120117	-27527.064509	3.000000	-0.440961	-6.790945	-0.146987
4998.500000	-27611.425412	3.000000	-0.539977	-6.799645	-0.179992
5006.319824	-27624.824713	3.000000	-0.625867	-6.808537	-0.208622
5014.379883	-27629.336722	3.000000	-0.915415	-6.816219	-0.305138
5022.699219	-27662.903340	3.000000	-1.257847	-6.824237	-0.419282
5030.939941	-27680.883015	3.000000	-0.660747	-6.831952	-0.220249
5038.740234	-27755.809724	3.000000	-0.052771	-6.839858	-0.017590
5047.500000	-27837.914637	3.000000	0.022241	-6.848469	0.007414
5055.479980	-27802.433829	3.000000	-0.449587	-6.855863	-0.149862
5063.600098	-27825.609154	3.000000	-0.835151	-6.862905	-0.278384
5071.799805	-27947.911984	3.000000	0.487693	-6.871828	0.162564
5080.120117	-28024.000894	3.000000	0.949020	-6.880920	0.316340
5088.299805	-28006.841579	3.000000	-0.557230	-6.888651	-0.185743
5096.560059	-28122.581500	3.000000	-0.578984	-6.898456	-0.192995
5104.459961	-28178.571460	3.000000	-0.118407	-6.907372	-0.039469
5112.500000	-28191.218765	3.000000	0.024492	-6.916343	0.008164
5120.720215	-28091.270877	3.000000	0.075500	-6.922736	0.025167
5129.020020	-28236.407245	3.000000	-0.291686	-6.930779	-0.097229
5137.240234	-28268.880057	3.000000	-1.037310	-6.939230	-0.345770
5145.220215	-28307.642341	3.000000	-0.714381	-6.946992	-0.238127
5153.439941	-28374.912339	3.000000	-0.289436	-6.955451	-0.096479
5161.659180	-28390.020744	3.000000	-0.113156	-6.963133	-0.037719
5169.758789	-28431.517584	3.000000	-1.330234	-6.971160	-0.443411
5178.060059	-28461.734395	3.000000	-0.552354	-6.979339	-0.184118
5186.419922	-28496.668311	3.000000	0.038744	-6.986861	0.012915
5194.358887	-28483.610820	3.000000	-0.058022	-6.993470	-0.019341
5202.600098	-28397.404037	3.000000	-1.340361	-6.998356	-0.446787
5210.560059	-28430.560491	3.000000	-1.727050	-7.002874	-0.575683
5219.179199	-28474.586794	3.000000	-0.812273	-7.008409	-0.270758
5227.258789	-28488.738107	3.000000	-1.907080	-7.012984	-0.635693
5235.379883	-28416.545907	3.000000	-2.527059	-7.016588	-0.842353
5243.520020	-28503.709785	3.000000	-1.625408	-7.020754	-0.541803
5251.699219	-28619.654843	3.000000	-1.256722	-7.026970	-0.418907
5259.919922	-28718.235495	3.000000	-1.062439	-7.034564	-0.354146
5268.060059	-28826.660550	3.000000	-1.056063	-7.042935	-0.352021
5276.199219	-28944.383098	3.000000	-0.326567	-7.053093	-0.108856
5284.339844	-29008.781848	3.000000	-0.464965	-7.063274	-0.154988
5292.640137	-29103.397428	3.000000	0.182768	-7.073680	0.060923
5300.640137	-29072.907146	3.000000	-0.786018	-7.083261	-0.262006
5308.959961	-29160.207797	3.000000	-0.885035	-7.092978	-0.295012
5317.120117	-29209.634872	3.000000	0.127259	-7.102967	0.042420
5325.339844	-29288.663504	3.000000	-0.869282	-7.113453	-0.289761
5333.580078	-29367.692142	3.000000	-0.539602	-7.124131	-0.179867
5341.720215	-29397.908975	3.000000	-0.464215	-7.134977	-0.154738
5349.600098	-29441.935312	3.000000	0.105505	-7.144798	0.035168
5357.779785	-29477.552894	3.000000	-0.042645	-7.155212	-0.014215
5365.819824	-29513.854116	3.000000	-0.943544	-7.164841	-0.314515
5374.439941	-29603.479171	3.000000	-0.282684	-7.175383	-0.094228
5382.640137	-29692.488957	3.000000	-1.062814	-7.186606	-0.354271
5390.699219	-29708.964655	3.000000	-0.766890	-7.196419	-0.255630
5398.799805	-29727.627999	3.000000	-0.832151	-7.206224	-0.277384
5407.120117	-29744.103697	3.000000	-0.266182	-7.215628	-0.088727
5414.959961	-29801.187552	3.000000	-0.340819	-7.224672	-0.113606
5423.100098	-29826.550559	3.000000	-0.488969	-7.233588	-0.162990
5431.100098	-29913.235989	3.000000	-1.228592	-7.243425	-0.409531
5439.359863	-29975.515509	3.000000	-1.543644	-7.252878	-0.514548
5447.560059	-30060.902035	3.000000	-0.134910	-7.263291	-0.044970
5455.500000	-30020.704054	3.000000	-1.423624	-7.272031	-0.474541
5463.799805	-30046.272158	3.000000	-0.287560	-7.280450	-0.095853
5471.879883	-30106.910951	3.000000	-0.497970	-7.289070	-0.165990
5480.359863	-30140.477635	3.000000	-0.776267	-7.297729	-0.258756
5488.680176	-30196.057502	3.000000	-0.014515	-7.307062	-0.004838
5496.879883	-30264.216334	3.000000	-0.958922	-7.315921	-0.319641
5505.020020	-30342.356305	3.000000	-1.566148	-7.325806	-0.522049
5513.259766	-30387.886683	3.000000	-0.793144	-7.335299	-0.264381
5521.199219	-30386.245949	3.000000	-0.903413	-7.343798	-0.301138
5529.100098	-30420.701372	3.000000	-0.158164	-7.352882	-0.052721
5537.439941	-30506.703205	3.000000	-0.937918	-7.361942	-0.312639
5545.220215	-30563.103457	3.000000	-0.527600	-7.371499	-0.175867
5553.720215	-30607.950205	3.000000	-0.360697	-7.380904	-0.120232
5561.979980	-30699.489532	3.000000	-1.274350	-7.390997	-0.424783
5570.240234	-30654.300961	3.000000	-1.020057	-7.399432	-0.340019
5578.560059	-30716.443792	3.000000	-0.766140	-7.407907	-0.255380
5586.500000	-30753.155235	3.000000	-0.467590	-7.416791	-0.155863
5594.580078	-30713.435778	3.000000	-1.073316	-7.423833	-0.357772
5602.819824	-30863.426299	3.000000	-0.979175	-7.433173	-0.326392
5610.979980	-30906.700687	3.000000	-0.845278	-7.442265	-0.281759
5619.140137	-30902.325393	3.000000	-0.947670	-7.450396	-0.315890
5627.419922	-30984.088696	3.000000	-0.949545	-7.459280	-0.316515
5635.439941	-30991.677096	3.000000	-1.176833	-7.467410	-0.392278
5643.359863	-31036.728952	3.000000	-0.617615	-7.475437	-0.205872
5651.879883	-31156.160816	3.000000	-0.849029	-7.485314	-0.283010
5660.180176	-31223.636064	3.000000	-0.656247	-7.494911	-0.218749
5668.419922	-31235.736489	3.000000	-0.472466	-7.504500	-0.157489
5676.479980	-31234.369210	3.000000	0.090503	-7.512879	0.030168
5684.580078	-31273.063225	3.000000	-0.882034	-7.521242	-0.294011
5692.720215	-31217.893490	3.000000	0.932142	-7.528011	0.310714
5700.959961	-31302.664831	3.000000	-0.456338	-7.535365	-0.152113
5709.140137	-31430.573857	3.000000	-1.507638	-7.544609	-0.502546
5717.319824	-31497.297118	3.000000	-0.714381	-7.553701	-0.238127
5725.500000	-31508.235357	3.000000	-0.031018	-7.562737	-0.010339
5733.479980	-31577.898275	3.000000	-0.873033	-7.571973	-0.291011
5741.619141	-31642.365532	3.000000	-0.693378	-7.581634	-0.231126
5749.779785	-31648.313200	3.000000	-0.917665	-7.590165	-0.305888
5758.220215	-31681.879928	3.000000	-0.979925	-7.598464	-0.326642
5766.619141	-31725.701259	3.000000	-0.337819	-7.607276	-0.112606
5774.419922	-31783.127031	3.000000	-0.898912	-7.615855	-0.299637
5782.779785	-31788.801244	3.000000	-1.529392	-7.623762	-0.509797
5790.619141	-31867.078045	3.000000	-0.664873	-7.632782	-0.221624
5798.799805	-31975.161567	3.000000	-1.082693	-7.642355	-0.360898
5806.859863	-31948.567961	3.000000	-0.382451	-7.650878	-0.127484
5815.000000	-32012.009779	3.000000	-0.914665	-7.659770	-0.304888
5823.580078	-32054.122022	3.000000	-0.457463	-7.668285	-0.152488
5831.619141	-32069.435565	3.000000	-1.132201	-7.676648	-0.377400
5839.439941	-32085.911297	3.000000	-1.158455	-7.684411	-0.386152
5847.500000	-32121.870779	3.000000	-1.015181	-7.691828	-0.338394
5855.859863	-32175.741641	3.000000	-0.852404	-7.700119	-0.284135
5863.959961	-32240.892573	3.000000	-0.972799	-7.708082	-0.324266
5872.359863	-32318.622493	3.000000	-1.308105	-7.717583	-0.436035
5880.379883	-32292.985975	3.000000	-1.925458	-7.725393	-0.641819
5888.619141	-32370.442443	3.000000	-0.536602	-7.733772	-0.178867
5896.459961	-32434.226105	3.000000	-0.475091	-7.742416	-0.158364
5904.399902	-32478.526014	3.000000	-1.099945	-7.751484	-0.366648
5912.500000	-32455.350598	3.000000	-0.805896	-7.758781	-0.268632
5920.720215	-32450.291658	3.000000	-0.569607	-7.765438	-0.189869
5929.119141	-32570.065491	3.000000	-0.434210	-7.773962	-0.144737
5937.580078	-32572.663326	3.000000	-0.036644	-7.781211	-0.012215
5945.520020	-32663.040622	3.000000	-0.465715	-7.789967	-0.155238
5953.740234	-32671.449403	3.000000	-0.573358	-7.797937	-0.191119
5961.640137	-32753.349562	3.000000	-0.470216	-7.806060	-0.156739
5969.979980	-32808.587736	3.000000	-0.571858	-7.815064	-0.190619
5978.080078	-32797.239299	3.000000	-1.074066	-7.822386	-0.358022
5986.160156	-32849.606184	3.000000	-0.566232	-7.830597	-0.188744
5994.359863	-32890.351177	3.000000	-0.014515	-7.838704	-0.004838
6002.619141	-32917.286626	3.000000	0.168891	-7.846266	0.056297
6010.680176	-32902.451620	3.000000	-1.316732	-7.853243	-0.438911
6018.879883	-33006.775218	3.000000	-0.300312	-7.861414	-0.100104
6027.000000	-33020.584764	3.000000	-0.336318	-7.868784	-0.112106
6034.979980	-33034.667767	3.000000	-0.661872	-7.876145	-0.220624
6043.339844	-33081.018623	3.000000	-0.516348	-7.882938	-0.172116
6051.479980	-33092.093607	3.000000	-0.034018	-7.889908	-0.011339
6059.459961	-33146.853250	3.000000	-0.368199	-7.897005	-0.122733
6067.939941	-33255.757266	3.000000	-0.204671	-7.905360	-0.068224
6076.080078	-33315.439133	3.000000	-0.716257	-7.913691	-0.238752
6084.119141	-33328.770135	3.000000	-0.550479	-7.922135	-0.183493
6092.740234	-33378.129024	3.000000	-0.544853	-7.930570	-0.181618
6100.819824	-33367.737679	3.000000	-0.736135	-7.937908	-0.245378
6108.660156	-33429.880660	3.000000	-0.298812	-7.945502	-0.099604
6116.600098	-33458.388498	3.000000	-0.655871	-7.953200	-0.218624
6124.859863	-33493.527656	3.000000	0.046245	-7.960538	0.015415
6133.299805	-33558.747030	3.000000	0.498945	-7.968845	0.166315
6141.199219	-33538.921434	3.000000	-0.598487	-7.975750	-0.199496
6149.140137	-33573.855502	3.000000	-0.598112	-7.982303	-0.199371
6157.600098	-33640.442164	3.000000	-0.247054	-7.990113	-0.082351
6165.619141	-33684.058481	3.000000	-0.074525	-7.997819	-0.024842
6173.740234	-33696.569117	3.000000	-1.589777	-8.004813	-0.529926
6181.759766	-33756.045917	3.000000	-0.368574	-8.011958	-0.122858
6189.959961	-33803.832451	3.000000	0.122008	-8.019760	0.040669
6198.000000	-33870.760948	3.000000	0.365423	-8.027907	0.121808
6206.199219	-33858.660494	3.000000	-0.386577	-8.035005	-0.128859
6214.259766	-33867.137648	3.000000	-0.892161	-8.041718	-0.297387
6222.459961	-33927.229734	3.000000	-0.844153	-8.049135	-0.281384
6230.479980	-33933.177415	3.000000	0.340294	-8.055344	0.113431
6239.040039	-33938.304726	3.000000	-1.261597	-8.061993	-0.420532
6247.199219	-34013.436930	3.000000	-0.223050	-8.068842	-0.074350
6254.879883	-34079.339978	3.000000	0.046620	-8.076316	0.015540
6263.080078	-34123.024677	3.000000	0.046620	-8.083685	0.015540
6271.160156	-34159.394412	3.000000	-0.372324	-8.091127	-0.124108
6279.199219	-34224.887284	3.000000	-0.064023	-8.099523	-0.021341
6287.779785	-34219.896700	3.000000	-1.069565	-8.106243	-0.356522
6296.000000	-34197.404889	3.000000	-1.494136	-8.112412	-0.498045
6304.279785	-34316.153454	3.000000	-0.304438	-8.119838	-0.101479
6312.399902	-34365.444025	3.000000	-0.831401	-8.127792	-0.277134
6320.399902	-34389.439852	3.000000	-0.832151	-8.135514	-0.277384
6328.640137	-34433.671478	3.000000	-0.389577	-8.142756	-0.129859
6336.939941	-34469.904495	3.000000	0.418682	-8.150310	0.139561
6345.080078	-34540.934886	3.000000	-0.028767	-8.158385	-0.009589
6353.240234	-34622.561732	3.000000	0.254405	-8.166804	0.084802
6361.580078	-34641.566978	3.000000	0.515823	-8.174999	0.171941
6369.240234	-34665.357719	3.000000	0.095003	-8.183082	0.031668
6377.319824	-34686.277164	3.000000	-0.507347	-8.190892	-0.169116
6385.500000	-34723.945839	3.000000	-0.388827	-8.198158	-0.129609
6393.619141	-34743.019451	3.000000	-1.071441	-8.205383	-0.357147
6401.779785	-34851.650176	3.000000	-0.617615	-8.214339	-0.205872
6410.160156	-34890.207591	3.000000	-1.396245	-8.222638	-0.465415
6418.459961	-34927.466088	3.000000	0.052621	-8.231338	0.017540
6426.520020	-35008.819508	3.000000	-0.024642	-8.240855	-0.008214
6434.660156	-35081.080492	3.000000	-0.688127	-8.250187	-0.229376
6442.799805	-35088.258736	3.000000	-0.554605	-8.258967	-0.184868
6451.000000	-35124.218319	3.000000	-0.451838	-8.267819	-0.150613
6459.279785	-35152.657839	3.000000	-0.647620	-8.275837	-0.215873
6467.619141	-35192.719279	3.000000	0.404055	-8.284513	0.134685
6475.259766	-35240.779336	3.000000	-0.676875	-8.292531	-0.225625
6483.359863	-35313.313793	3.000000	-1.397745	-8.301672	-0.465915
6491.399902	-35344.624616	3.000000	-0.289060	-8.309843	-0.096353
6499.779785	-35410.732842	3.000000	0.165890	-8.318710	0.055297
6508.259766	-35415.518339	3.000000	-0.451838	-8.327498	-0.150613
6516.319824	-35457.699081	3.000000	-0.599612	-8.335533	-0.199871
6524.600098	-35504.050045	3.000000	-0.519724	-8.343960	-0.173241
6532.439941	-35555.049780	3.000000	-0.639744	-8.352587	-0.213248
6540.600098	-35550.059189	3.000000	0.203771	-8.359677	0.067924
6548.859863	-35627.789353	3.000000	-0.280809	-8.368216	-0.093603
6557.020020	-35672.431217	3.000000	-0.686252	-8.376547	-0.228751
6565.359863	-35674.755602	3.000000	0.139261	-8.384037	0.046420
6573.339844	-35759.117110	3.000000	-0.495345	-8.392625	-0.165115
6581.020020	-35827.686477	3.000000	-0.945420	-8.401284	-0.315140
6589.560059	-35880.873885	3.000000	0.380051	-8.410088	0.126684
6597.520020	-35948.964710	3.000000	-0.411706	-8.419765	-0.137235
6605.459961	-35966.671060	3.000000	-0.745511	-8.428641	-0.248504
6613.939941	-36061.765786	3.000000	-1.165206	-8.438109	-0.388402
6622.259766	-36093.828640	3.000000	-0.093653	-8.447914	-0.031218
6630.200195	-36112.355364	3.000000	-0.148787	-8.456999	-0.049596
6638.339844	-36130.335174	3.000000	-0.058397	-8.465089	-0.019466
6646.318848	-36151.323014	3.000000	-0.704630	-8.473485	-0.234877
6654.859863	-36160.142008	3.000000	-0.612364	-8.480542	-0.204121
6663.180176	-36277.933703	3.000000	0.159889	-8.489666	0.053296
6670.899902	-36377.472139	3.000000	-0.852029	-8.499639	-0.284010
6679.159180	-36365.576749	3.000000	-0.076400	-8.508243	-0.025467
6686.939941	-36396.682512	3.000000	-0.034018	-8.516854	-0.011339
6695.060059	-36429.975934	3.000000	-0.221174	-8.525049	-0.073725
6703.580078	-36432.710507	3.000000	0.424683	-8.532467	0.141561
6711.659180	-36454.518724	3.000000	-0.977300	-8.539468	-0.325767
6719.939941	-36549.750226	3.000000	-0.115782	-8.547768	-0.038594
6728.560059	-36604.373325	3.000000	-0.909789	-8.556667	-0.303263
6736.479980	-36608.406820	3.000000	-0.400079	-8.564237	-0.133360
6744.500000	-36659.816798	3.000000	-0.436460	-8.572665	-0.145487
6752.979980	-36723.532359	3.000000	-0.254930	-8.580756	-0.084977
6761.020020	-36790.392685	3.000000	-0.388452	-8.589535	-0.129484
6769.159180	-36841.050664	3.000000	-0.837402	-8.598467	-0.279134
6777.259766	-36831.411291	3.000000	-0.658122	-8.606302	-0.219374
6785.180176	-36902.441850	3.000000	-0.163040	-8.614897	-0.054347
6793.299805	-36895.468686	3.000000	0.127634	-8.622339	0.042545
6800.959961	-37011.619724	3.000000	-0.395578	-8.631215	-0.131859
6809.899902	-37057.628939	3.000000	-0.062523	-8.640563	-0.020841
6818.140137	-37095.160974	3.000000	-0.434960	-8.648718	-0.144987
6826.700195	-37021.942743	3.000000	0.629842	-8.655719	0.209947
6834.600098	-37168.174119	3.000000	-0.804771	-8.664259	-0.268257
6842.640137	-37333.000629	3.000000	-0.084652	-8.675233	-0.028217
6850.839844	-37297.040965	3.000000	0.395428	-8.684502	0.131809
6859.080078	-37299.502082	3.000000	-0.079026	-8.692561	-0.026342
6867.219238	-37341.135990	3.000000	-0.262806	-8.701268	-0.087602
6875.259766	-37383.180086	3.000000	0.237527	-8.709111	0.079176
6883.619141	-37372.241785	3.000000	-0.013390	-8.716945	-0.004463
6891.020020	-37431.855530	3.000000	-0.467590	-8.724659	-0.155863
6899.560059	-37492.904931	3.000000	-0.301062	-8.732782	-0.100354
6907.859863	-37527.155492	3.000000	-0.767640	-8.740937	-0.255880
6915.959961	-37591.076204	3.000000	-0.784893	-8.749084	-0.261631
6924.140137	-37649.322675	3.000000	-0.998679	-8.758144	-0.332893
6932.399902	-37645.494268	3.000000	-0.640869	-8.765506	-0.213623
6940.479980	-37668.396344	3.000000	-0.089902	-8.773420	-0.029967
6948.680176	-37748.929617	3.000000	-0.921041	-8.781696	-0.307014
6956.680176	-37836.299339	3.000000	0.097629	-8.790419	0.032543
6964.818848	-37857.697402	3.000000	-0.482593	-8.799167	-0.160864
6973.279785	-37884.359526	3.000000	-1.221841	-8.807354	-0.407280
6981.119141	-37888.256298	3.000000	-0.367073	-8.814748	-0.122358
6988.899902	-37876.497618	3.000000	-0.557980	-8.822117	-0.185993
6997.140137	-37997.844473	3.000000	-1.098070	-8.830128	-0.366023
7005.259766	-37947.186432	3.000000	-0.280809	-8.836609	-0.093603
7013.318848	-38043.580277	3.000000	-0.928167	-8.844539	-0.309389
7021.580078	-38098.203461	3.000000	0.149387	-8.851989	0.049796
7029.619141	-38102.305327	3.000000	-0.535852	-8.859591	-0.178617
7038.100098	-38147.972772	3.000000	-0.978800	-8.866857	-0.326267
7046.259766	-38205.740726	3.000000	-0.287185	-8.874363	-0.095728
7054.500000	-38246.485936	3.000000	-0.607864	-8.882574	-0.202621
7062.700195	-38286.615868	3.000000	-1.009930	-8.890152	-0.336643
7070.700195	-38334.539349	3.000000	-0.548979	-8.898475	-0.182993
7079.119141	-38287.367877	3.000000	-1.817065	-8.904836	-0.605688
7087.119141	-38323.190850	3.000000	-0.594736	-8.911028	-0.198245
7095.080078	-38408.304598	3.000000	-1.377867	-8.918534	-0.459289
7103.060059	-38434.214729	3.000000	-1.143453	-8.925848	-0.381151
7111.359863	-38478.856723	3.000000	-0.441711	-8.932729	-0.147237
7119.399902	-38525.412925	3.000000	-0.903038	-8.940540	-0.301013
7128.318848	-38602.801506	3.000000	-0.470966	-8.948438	-0.156989
7136.580078	-38637.052108	3.000000	-0.792019	-8.956176	-0.264006
7144.379883	-38679.232991	3.000000	-0.602238	-8.964467	-0.200746
7152.439941	-38725.789203	3.000000	-0.381326	-8.972038	-0.127109
7160.680176	-38754.707380	3.000000	-1.008430	-8.980393	-0.336143
7168.959961	-38799.759577	3.000000	-0.619866	-8.988115	-0.206622
7177.318848	-38865.799675	3.000000	-0.367073	-8.996606	-0.122358
7185.399902	-38869.628087	3.000000	0.049996	-9.004353	0.016665
7193.700195	-38945.854500	3.000000	-0.137160	-9.012444	-0.045720
7201.540039	-38931.019404	3.000000	-1.083443	-9.020366	-0.361148
7209.459961	-39012.031338	3.000000	-0.757138	-9.027968	-0.252379
7218.020020	-39054.212238	3.000000	-0.574483	-9.036107	-0.191494
7226.459961	-39087.779212	3.000000	-0.638994	-9.044591	-0.212998
7234.000000	-39058.450838	3.000000	-1.305855	-9.050727	-0.435285
7242.279785	-39103.297956	3.000000	-0.640869	-9.057864	-0.213623
7250.580078	-39224.371514	3.000000	-0.245178	-9.066556	-0.081726
7258.839844	-39180.344763	3.000000	-0.563231	-9.073117	-0.187744
7267.000000	-39235.378201	3.000000	-0.003263	-9.080751	-0.001088
7275.159180	-39302.648893	3.000000	-0.726758	-9.088257	-0.242253
7283.680176	-39319.876753	3.000000	-0.434960	-9.095771	-0.144987
7291.640137	-39343.394151	3.000000	0.290786	-9.102628	0.096929
7299.779785	-39429.601827	3.000000	-1.302104	-9.110471	-0.434035
7307.939941	-39416.817659	3.000000	-0.296187	-9.117744	-0.098729
7316.040039	-39434.455709	3.000000	-0.091778	-9.124353	-0.030593
7324.140137	-39415.997284	3.000000	-0.295061	-9.130417	-0.098354
7332.479980	-39486.891310	3.000000	-0.800271	-9.136914	-0.266757
7340.560059	-39514.578949	3.000000	-0.198670	-9.143379	-0.066223
7348.640137	-39526.542744	3.000000	0.039494	-9.149771	0.013165
7357.100098	-39556.828237	3.000000	-1.046687	-9.155595	-0.348896
7364.799805	-39595.180748	3.000000	-0.036269	-9.161651	-0.012090
7373.040039	-39672.706149	3.000000	0.098754	-9.168837	0.032918
7381.339844	-39700.530523	3.000000	-0.981426	-9.175301	-0.327142
7389.500000	-39698.206128	3.000000	-0.442086	-9.181477	-0.147362
7397.540039	-39745.719496	3.000000	-1.342986	-9.188262	-0.447662
7405.500000	-39786.874962	3.000000	-0.643119	-9.194359	-0.214373
7413.540039	-39807.589424	3.000000	-0.604863	-9.200984	-0.201621
7421.959961	-39804.991571	3.000000	0.006864	-9.206703	0.002288
7430.259766	-39843.070634	3.000000	-0.339694	-9.212455	-0.113231
7438.439941	-39891.677843	3.000000	-0.532476	-9.218871	-0.177492
7446.759766	-39935.089346	3.000000	-0.163415	-9.225072	-0.054472
7454.540039	-39892.088030	3.000000	0.345920	-9.230078	0.115307
7462.600098	-39943.088002	3.000000	-0.421082	-9.235806	-0.140361
7470.540039	-39986.567872	3.000000	-0.171666	-9.241702	-0.057222
7478.899902	-40021.980725	3.000000	-0.999054	-9.247374	-0.333018
7487.240234	-40078.654964	3.000000	-0.675375	-9.253542	-0.225125
7495.299805	-40136.969957	3.000000	-1.187335	-9.260343	-0.395778
7503.439941	-40156.385501	3.000000	-0.114657	-9.266864	-0.038219
7511.560059	-40133.893551	3.000000	-0.197545	-9.272695	-0.065848
7519.640137	-40178.877452	3.000000	-0.614615	-9.278751	-0.204872
7527.939941	-40146.404271	3.000000	-0.319441	-9.283326	-0.106480
7535.899902	-40132.662988	3.000000	-1.235343	-9.287403	-0.411781
7543.979980	-40180.723296	3.000000	-1.446503	-9.292009	-0.482168
7552.080078	-40271.853303	3.000000	-0.818649	-9.298121	-0.272883
7560.419922	-40312.188418	3.000000	-0.940544	-9.303953	-0.313515
7568.500000	-40313.008793	3.000000	-0.980301	-9.309352	-0.326767
7577.060059	-40387.731308	3.000000	-0.805896	-9.315417	-0.268632
7584.779785	-40455.070450	3.000000	-1.475383	-9.322266	-0.491794
7593.200195	-40322.853296	3.000000	-2.334652	-9.326207	-0.778217
7601.339844	-40429.228627	3.000000	-0.591361	-9.331518	-0.197120
7609.680176	-40503.609328	3.000000	-0.303313	-9.337847	-0.101104
7617.680176	-40537.928367	3.000000	0.169641	-9.344383	0.056547
7625.759766	-40546.405580	3.000000	-0.786768	-9.350511	-0.262256
7633.619141	-40605.062427	3.000000	-0.776642	-9.357152	-0.258881
7641.818848	-40617.368060	3.000000	0.330542	-9.362768	0.110181
7650.279785	-40617.162966	3.000000	-0.010014	-9.368319	-0.003338
7658.419922	-40720.940476	3.000000	-0.611989	-9.375449	-0.203996
7666.659180	-40811.523622	3.000000	-0.173541	-9.382819	-0.057847
7674.740234	-40849.876187	3.000000	-0.652871	-9.390829	-0.217624
7682.818848	-40832.511568	3.000000	-0.426708	-9.397134	-0.142236
7690.919922	-40805.849357	3.000000	-0.675375	-9.402942	-0.225125
7699.318848	-40835.793071	3.000000	-0.615740	-9.408621	-0.205247
7707.919922	-40911.130912	3.000000	0.224775	-9.414886	0.074925
7715.859863	-40931.230119	3.000000	-0.604113	-9.421470	-0.201371
7723.659180	-40928.974085	3.000000	-1.154330	-9.426854	-0.384777
7731.700195	-40991.937932	3.000000	-1.049687	-9.432854	-0.349896
7740.060059	-41020.787817	3.000000	-0.336693	-9.439390	-0.112231
7748.419922	-41021.061276	3.000000	-0.302938	-9.444605	-0.100979
7756.520020	-41013.541163	3.000000	-1.123574	-9.449612	-0.374525
7764.659180	-41031.247610	3.000000	-0.038144	-9.454571	-0.012715
7772.719238	-41069.600185	3.000000	-0.524975	-9.459337	-0.174992
7780.619141	-41161.960849	3.000000	-0.173166	-9.465770	-0.057722
7788.959961	-41185.956848	3.000000	-2.062356	-9.471978	-0.687452
7797.180176	-41156.833498	3.000000	-1.347862	-9.476985	-0.449287
7805.680176	-41185.546660	3.000000	-0.225675	-9.481943	-0.075225
7813.500000	-41233.333567	3.000000	0.341044	-9.487335	0.113681
7821.540039	-41186.025213	3.000000	-0.866657	-9.491444	-0.288886
7829.560059	-41190.674010	3.000000	-0.694128	-9.495489	-0.231376
7837.779785	-41203.184745	3.000000	-1.022683	-9.499118	-0.340894
7845.719238	-41289.050779	3.000000	-1.029809	-9.504077	-0.343270
7854.219238	-41380.932914	3.000000	-0.351321	-9.510421	-0.117107
7862.680176	-41384.487877	3.000000	-0.096654	-9.515676	-0.032218
7870.339844	-41381.411466	3.000000	-0.690002	-9.520731	-0.230001
7878.379883	-41370.541481	3.000000	-0.547103	-9.525113	-0.182368
7886.919922	-41395.631321	3.000000	-0.332943	-9.529431	-0.110981
7894.979980	-41413.953058	3.000000	-0.399329	-9.533949	-0.133110
7903.040039	-41425.233232	3.000000	-0.117282	-9.537850	-0.039094
7911.299805	-41418.465128	3.000000	-0.292811	-9.541631	-0.097604
7919.339844	-41422.088456	3.000000	-0.342319	-9.544828	-0.114106
7927.879883	-41428.514737	3.000000	-0.128159	-9.548232	-0.042720
7936.040039	-41434.735924	3.000000	0.134010	-9.550379	0.044670
7943.959961	-41483.001397	3.000000	-1.279600	-9.553912	-0.426533
7952.359863	-41497.494713	3.000000	-0.867032	-9.557701	-0.289011
7960.240234	-41451.690368	3.000000	-0.541102	-9.560224	-0.180367
7968.080078	-41447.930309	3.000000	-1.454755	-9.561970	-0.484918
7976.520020	-41470.900846	3.000000	-0.076025	-9.564622	-0.025342
7984.580078	-41460.782872	3.000000	-1.001304	-9.566320	-0.333768
7993.140137	-41444.648804	3.000000	0.180142	-9.567962	0.060047
8001.159180	-41322.481108	3.000000	-1.249970	-9.566953	-0.416657
8009.279785	-41440.957111	3.000000	0.010614	-9.568107	0.003538
8017.020020	-41297.664729	3.000000	-0.079776	-9.567250	-0.026592
8025.318848	-41226.497099	3.000000	-0.646870	-9.565055	-0.215623
8033.500000	-41272.916715	3.000000	-1.289352	-9.563476	-0.429784
8041.619141	-41285.222357	3.000000	-1.074816	-9.562804	-0.358272
8049.719238	-41104.807987	3.000000	-0.873783	-9.558478	-0.291261
8058.219238	-41074.248982	3.000000	-1.417998	-9.554224	-0.472666
8066.140137	-40961.447295	3.000000	-0.700129	-9.548216	-0.233376
8074.339844	-40917.488824	3.000000	-0.817523	-9.542032	-0.272508
8082.719238	-40843.244817	3.000000	-1.581151	-9.535239	-0.527050
8090.560059	-40626.939108	3.000000	-0.945045	-9.525009	-0.315015
8098.919922	-40505.728631	3.000000	-1.539144	-9.513642	-0.513048
8107.080078	-40478.314420	3.000000	-0.080901	-9.503628	-0.026967
8115.279785	-40195.079860	3.000000	-0.585735	-9.488368	-0.195245
8123.479980	-39870.963378	3.000000	-1.182834	-9.469655	-0.394278
8131.259766	-39151.700031	3.000000	-3.113282	-9.439230	-1.037761
8139.459961	-38951.460389	3.000000	-2.596070	-9.409118	-0.865357
8147.580078	-38075.164646	3.000000	1.487984	-9.364899	0.495995
8156.119141	-37771.968424	3.000000	3.053867	-9.321080	1.017956
8163.700195	-38199.998113	3.000000	-1.698920	-9.288428	-0.566307
8172.680176	-38203.758157	3.000000	-8.310373	-9.258420	-2.770124
8180.740234	-37675.301149	3.000000	1.495860	-9.222580	0.498620
8189.060059	-37831.582195	3.000000	7.349443	-9.191579	2.449814
8197.058594	-37559.013301	3.000000	6.994635	-9.159328	2.331545
8205.399414	-37844.092883	3.000000	-2.401788	-9.135023	-0.800596
8213.419922	-38629.395287	3.000000	-1.465256	-9.126668	-0.488419
8221.299805	-38610.868514	3.000000	5.138458	-9.119218	1.712819
8229.620117	-38550.365956	3.000000	8.864312	-9.110094	2.954771
8237.459961	-38037.222385	3.000000	-9.806057	-9.093095	-3.268686
8245.799805	-37245.562589	3.000000	-1.284476	-9.063848	-0.428159
8254.459961	-38763.731492	3.000000	-2.871367	-9.064882	-0.957122
8262.359375	-39216.441229	3.000000	-0.810022	-9.073149	-0.270007
8270.440430	-38465.935839	3.000000	-4.812318	-9.066155	-1.604106
8278.440430	-37879.710746	3.000000	-12.599300	-9.051047	-4.199767
8286.859375	-38637.667388	3.000000	6.126744	-9.050518	2.042248
8294.899414	-38549.135395	3.000000	-3.536728	-9.048283	-1.178909
8303.179688	-39043.547375	3.000000	-4.035562	-9.054668	-1.345187
8311.099609	-39321.244044	3.000000	-1.056438	-9.065699	-0.352146
8319.620117	-39368.142111	3.000000	0.072500	-9.075896	0.024167
8327.780273	-38560.552262	3.000000	12.379376	-9.070914	4.126459
8335.580078	-38602.664777	3.000000	13.891992	-9.067781	4.630664
8343.718750	-38585.368565	3.000000	-11.027069	-9.064073	-3.675690
8351.500000	-38981.677499	3.000000	-5.236140	-9.068238	-1.745380
8359.839844	-38815.278316	3.000000	2.298118	-9.068414	0.766039
8368.259766	-39505.554829	3.000000	-3.688254	-9.081320	-1.229418
8376.518555	-39380.584456	3.000000	-2.748721	-9.090452	-0.916240
8384.639648	-39037.189476	3.000000	-4.354741	-9.092991	-1.451580
8392.599609	-39443.753286	3.000000	-1.439377	-9.101923	-0.479792
8400.599609	-39079.575471	3.000000	-1.440127	-9.103653	-0.480042
8408.879883	-39616.647216	3.000000	-0.429334	-9.115157	-0.143111
8417.018555	-39552.931458	3.000000	2.635298	-9.124553	0.878433
8425.200195	-39184.583364	3.000000	2.150718	-9.126572	0.716906
8433.518555	-39739.635050	3.000000	-3.065649	-9.137939	-1.021883
8441.540039	-39913.144318	3.000000	-3.367200	-9.151742	-1.122400
8449.540039	-39321.175679	3.000000	12.395879	-9.152959	4.131960
8458.081055	-39834.046511	3.000000	1.843168	-9.163926	0.614389
8466.018555	-39933.175138	3.000000	-2.031976	-9.175397	-0.677325
8474.299805	-39801.094791	3.000000	-0.558355	-9.183296	-0.186118
8482.599609	-39782.909817	3.000000	-6.630826	-9.190634	-2.210275
8490.639648	-39482.447615	3.000000	2.566287	-9.191627	0.855429
8498.639648	-39984.448570	3.000000	1.068290	-9.201592	0.356097
8506.879883	-39384.002683	3.000000	3.972393	-9.199774	1.324131
8515.160156	-39609.263845	3.000000	-5.338157	-9.202770	-1.779386
8523.218750	-39333.959846	3.000000	-10.684855	-9.200431	-3.561618
8531.359375	-40210.530259	3.000000	-0.621366	-9.213769	-0.207122
8539.581055	-40174.570482	3.000000	-4.093697	-9.224431	-1.364566
8547.741211	-40048.711276	3.000000	1.059663	-9.232818	0.353221
8555.440430	-40272.673678	3.000000	-1.818565	-9.243849	-0.606188
8563.859375	-40311.709866	3.000000	2.741065	-9.254848	0.913688
8572.139648	-40147.976656	3.000000	5.604284	-9.262257	1.868095
8580.359375	-40644.303723	3.000000	0.473441	-9.276989	0.157814
8588.839844	-40233.432399	3.000000	4.749145	-9.283326	1.583048
8596.518555	-40154.539657	3.000000	-7.268724	-9.287483	-2.422908
8605.040039	-40227.279585	3.000000	-4.579404	-9.293203	-1.526468
8612.940430	-40429.091897	3.000000	-0.114281	-9.301061	-0.038094
8621.281250	-40006.256871	3.000000	2.747817	-9.301951	0.915939
8629.480469	-40541.825150	3.000000	-0.556105	-9.311796	-0.185368
8637.518555	-39800.479510	3.000000	8.382360	-9.307302	2.794120
8645.299805	-40394.294310	3.000000	-2.964382	-9.313814	-0.988127
8653.359375	-40763.600009	3.000000	-0.215548	-9.326511	-0.071849
8661.839844	-40520.563754	3.000000	-7.663470	-9.332535	-2.554490
8669.940430	-40011.315850	3.000000	-6.965535	-9.330244	-2.321845
8678.099609	-40374.468574	3.000000	-8.176040	-9.334378	-2.725347
8686.319336	-40926.034405	3.000000	-3.412582	-9.348076	-1.137527
8694.281250	-40976.487519	3.000000	-1.206463	-9.361022	-0.402154
8702.819336	-40597.610683	3.000000	-4.252349	-9.365876	-1.417450
8710.959961	-40948.868199	3.000000	2.383632	-9.376674	0.794544
8719.139648	-41006.978156	3.000000	-4.954467	-9.387938	-1.651489
8727.700195	-40963.429870	3.000000	2.459394	-9.397430	0.819798
8735.558594	-40852.132221	3.000000	-6.974540	-9.403623	-2.324847
8743.679688	-41008.413814	3.000000	0.563081	-9.412402	0.187694
8751.621094	-41070.625655	3.000000	-5.557569	-9.421206	-1.852523
8759.700195	-41054.901782	3.000000	-3.915917	-9.428976	-1.305306
8767.781250	-40949.962034	3.000000	-3.740388	-9.434392	-1.246796
8775.959961	-40856.712652	3.000000	13.102866	-9.437316	4.367622
8784.000000	-41372.592422	3.000000	2.815703	-9.449452	0.938568
8792.319336	-40987.904417	3.000000	1.753903	-9.452824	0.584634
8800.799805	-40680.195154	3.000000	-1.653538	-9.450910	-0.551179
8809.259766	-41319.541427	3.000000	3.160759	-9.461027	1.053586
8817.540039	-41290.623167	3.000000	-5.241391	-9.469823	-1.747130
8825.440430	-41175.291959	3.000000	4.460722	-9.474694	1.486907
8833.700195	-41075.547910	3.000000	-2.174500	-9.478451	-0.724833
8841.839844	-41725.012453	3.000000	0.566456	-9.493166	0.188819
8850.179688	-41754.272551	3.000000	-4.675045	-9.506648	-1.558348
8858.399414	-42077.432629	3.000000	-1.390994	-9.525201	-0.463665
8866.121094	-41761.997764	3.000000	8.047806	-9.535767	2.682602
8874.018555	-41980.764888	3.000000	0.985776	-9.549522	0.328592
8882.339844	-41785.378498	3.000000	3.554199	-9.558774	1.184733
8890.281250	-42123.989021	3.000000	0.425058	-9.572497	0.141686
8898.819336	-42177.586984	3.000000	6.049482	-9.586483	2.016494
8907.018555	-41828.995190	3.000000	2.105711	-9.592628	0.701904
8914.980469	-41538.308438	3.000000	4.643377	-9.593421	1.547792
8923.440430	-41409.235894	3.000000	-2.437044	-9.591746	-0.812348
8931.581055	-42257.368652	3.000000	-1.739427	-9.605965	-0.579809
8939.558594	-41556.698542	3.000000	-2.209006	-9.604892	-0.736335
8948.058594	-41675.789860	3.000000	-11.025568	-9.607367	-3.675189
8956.160156	-42288.406252	3.000000	2.439141	-9.620745	0.813047
8963.959961	-42246.840479	3.000000	-2.896121	-9.631263	-0.965374
8972.081055	-42724.573535	3.000000	-1.779934	-9.649688	-0.593311
8980.399414	-42562.617350	3.000000	1.824790	-9.663755	0.608263
8988.581055	-42598.850685	3.000000	0.309164	-9.676644	0.103055
8996.558594	-42452.071504	3.000000	-6.802683	-9.685985	-2.267561
9004.718750	-42114.554686	3.000000	4.976807	-9.688564	1.658936
9012.718750	-42649.714087	3.000000	-1.422499	-9.700228	-0.474166
9021.081055	-42754.722410	3.000000	-2.245762	-9.712877	-0.748587
9029.018555	-42805.517457	3.000000	0.124633	-9.724909	0.041544
9037.218750	-42817.686392	3.000000	-2.369533	-9.736068	-0.789844
9045.621094	-42635.630940	3.000000	6.714090	-9.743389	2.238030
9053.879883	-42566.650872	3.000000	1.353712	-9.748356	0.451237
9061.980469	-42427.323456	3.000000	2.334874	-9.751032	0.778291
9070.018555	-42493.363828	3.000000	2.879088	-9.754308	0.959696
9078.459961	-43143.649838	3.000000	-1.898079	-9.768968	-0.632693
9086.621094	-43044.384111	3.000000	-6.137793	-9.780103	-2.045931
9094.440430	-43071.319851	3.000000	-2.169249	-9.790773	-0.723083
9102.799805	-42021.373542	3.000000	0.413431	-9.782298	0.137810
9110.819336	-43153.220914	3.000000	0.758488	-9.794602	0.252829
9119.200195	-42891.041829	3.000000	-2.750971	-9.800386	-0.916990
9127.440430	-42629.888298	3.000000	-8.182794	-9.801876	-2.727598
9135.759766	-43246.675644	3.000000	-0.021641	-9.814341	-0.007214
9143.480469	-43543.037274	3.000000	0.049246	-9.829970	0.016415
9152.018555	-43324.885023	3.000000	-1.009180	-9.840680	-0.336393
9160.299805	-43592.875261	3.000000	-0.571107	-9.855580	-0.190369
9168.399414	-43537.909909	3.000000	-2.311023	-9.867524	-0.770341
9176.621094	-43539.892490	3.000000	-3.037144	-9.878611	-1.012381
9184.718750	-43650.711941	3.000000	-3.980053	-9.890571	-1.326684
9192.839844	-43640.935764	3.000000	-3.129410	-9.901618	-1.043137
9200.879883	-43375.406645	3.000000	-3.715633	-9.906488	-1.238544
9209.299805	-43173.867094	3.000000	-9.544143	-9.907826	-3.181381
9217.540039	-43678.536444	3.000000	-8.117503	-9.918120	-2.705834
9225.700195	-43860.250302	3.000000	-2.888244	-9.930488	-0.962748
9233.781250	-43959.652859	3.000000	-0.641244	-9.943049	-0.213748
9242.018555	-43756.882595	3.000000	-0.736135	-9.951204	-0.245378
9250.099609	-43165.868408	3.000000	7.998673	-9.948424	2.666224
9258.399414	-44114.499369	3.000000	-2.992887	-9.962563	-0.997629
9266.299805	-44274.951833	3.000000	-2.773100	-9.978529	-0.924367
9274.359375	-43907.695537	3.000000	1.253195	-9.985514	0.417732
9282.480469	-43955.824424	3.000000	0.313665	-9.993821	0.104555
9290.700195	-44238.786788	3.000000	-2.899121	-10.006238	-0.966374
9298.799805	-44356.237733	3.000000	-4.825821	-10.018775	-1.608607
9307.218750	-44336.616998	3.000000	1.639134	-10.030454	0.546378
9315.459961	-44540.754707	3.000000	-1.494136	-10.044401	-0.498045
9323.621094	-44231.266647	3.000000	4.162549	-10.051595	1.387516
9331.819336	-44580.884932	3.000000	-2.257014	-10.065021	-0.752338
9339.959961	-44396.846504	3.000000	1.366839	-10.072527	0.455613
9347.920898	-43803.370716	3.000000	-2.798604	-10.069988	-0.932868
9356.040039	-44455.708716	3.000000	0.576583	-10.079024	0.192194
9364.379883	-44421.457881	3.000000	1.386342	-10.086458	0.462114
9372.781250	-44601.804608	3.000000	-1.899579	-10.096824	-0.633193
9381.058594	-44011.473454	3.000000	-1.975342	-10.094877	-0.658447
9388.558594	-44843.064565	3.000000	1.729899	-10.108703	0.576633
9396.741211	-44884.972295	3.000000	0.563081	-10.121953	0.187694
9404.839844	-44549.163595	3.000000	11.353212	-10.127705	3.784404
9413.359375	-44623.271203	3.000000	5.621162	-10.134154	1.873721
9421.420898	-44663.127973	3.000000	-4.888831	-10.141548	-1.629610
9429.819336	-44782.766660	3.000000	-3.446713	-10.149254	-1.148904
9437.940430	-44514.639297	3.000000	-0.113906	-10.152114	-0.037969
9446.040039	-45079.402316	3.000000	-3.763266	-10.164538	-1.254422
9454.339844	-44968.719397	3.000000	-1.960714	-10.173639	-0.653571
9462.299805	-44812.778882	3.000000	-4.999100	-10.180119	-1.666367
9470.459961	-45358.878463	3.000000	-2.472300	-10.194859	-0.824100
9478.718750	-45311.980061	3.000000	1.262947	-10.207580	0.420982
9486.899414	-45451.581434	3.000000	1.138801	-10.221783	0.379600
9494.819336	-45291.538922	3.000000	1.612880	-10.231484	0.537627
9503.299805	-45477.013225	3.000000	-2.386035	-10.244021	-0.795345
9511.480469	-45569.032559	3.000000	2.456769	-10.256758	0.818923
9519.459961	-45345.547284	3.000000	0.674099	-10.263912	0.224700
9527.459961	-45136.418723	3.000000	-2.120116	-10.267501	-0.706705
9535.480469	-45096.288469	3.000000	-5.204260	-10.269295	-1.734753
9543.899414	-44788.577682	3.000000	-4.820570	-10.266267	-1.606857
9552.099609	-45644.917754	3.000000	-2.535310	-10.278684	-0.845103
9560.399414	-45744.593995	3.000000	1.349211	-10.291229	0.449737
9568.639648	-45790.056756	3.000000	-1.793061	-10.303926	-0.597687
9576.700195	-45656.676542	3.000000	1.866796	-10.312465	0.622265
9584.700195	-45155.287463	3.000000	5.994723	-10.311344	1.998241
9592.679688	-45542.780385	3.000000	-3.184544	-10.318257	-1.061515
9600.940430	-45763.804575	3.000000	3.041865	-10.327541	1.013955
9609.000000	-45730.920985	3.000000	6.078736	-10.335592	2.026245
9617.500000	-46024.002016	3.000000	-0.480717	-10.348554	-0.160239
9625.139648	-45894.655300	3.000000	2.627047	-10.357157	0.875682
9633.581055	-46060.235508	3.000000	-3.835654	-10.368613	-1.278551
9641.700195	-46065.704714	3.000000	-4.965719	-10.378738	-1.655240
9649.741211	-45666.316013	3.000000	-11.190671	-10.380469	-3.730224
9658.058594	-45468.672691	3.000000	-8.639079	-10.379315	-2.879693
9666.121094	-45824.376016	3.000000	-3.255056	-10.384049	-1.085019
9674.259766	-46058.252920	3.000000	-0.984426	-10.392805	-0.328142
9682.558594	-46100.297446	3.000000	1.916305	-10.401537	0.638768
9690.480469	-46310.656839	3.000000	-2.778351	-10.413153	-0.926117
9698.879883	-46497.977244	3.000000	-0.513723	-10.426899	-0.171241
9706.959961	-46399.326383	3.000000	0.384176	-10.437361	0.128059
9714.980469	-46398.437636	3.000000	0.516948	-10.447318	0.172316
9723.379883	-46473.297436	3.000000	-3.525101	-10.457484	-1.175034
9731.700195	-46285.703577	3.000000	-3.357448	-10.463604	-1.119149
9739.558594	-46541.457461	3.000000	-0.674250	-10.473882	-0.224750
9747.799805	-46705.191950	3.000000	-2.010973	-10.486179	-0.670324
9755.839844	-46535.509696	3.000000	0.434435	-10.493685	0.144812
9764.000000	-46664.719789	3.000000	-1.200837	-10.503458	-0.400279
9772.299805	-46642.159295	3.000000	-2.179001	-10.511068	-0.726334
9780.319336	-46594.782260	3.000000	0.678600	-10.518334	0.226200
9788.379883	-46788.118867	3.000000	3.916508	-10.527651	1.305503
9796.121094	-46686.938458	3.000000	-3.086653	-10.534331	-1.028884
9804.799805	-46795.502303	3.000000	0.416432	-10.542823	0.138811
9813.058594	-46804.184677	3.000000	0.547328	-10.550081	0.182443
9821.319336	-47084.276737	3.000000	-1.080817	-10.562177	-0.360272
9829.420898	-46770.480660	3.000000	2.674304	-10.567007	0.891435
9837.599609	-47028.285662	3.000000	-2.983135	-10.576236	-0.994378
9845.280273	-47271.392237	3.000000	-1.484385	-10.589350	-0.494795
9853.518555	-47201.864843	3.000000	-0.841527	-10.599347	-0.280509
9862.018555	-47201.386286	3.000000	-1.380492	-10.608736	-0.460164
9869.980469	-46723.992363	3.000000	6.023602	-10.608079	2.007867
9878.500000	-47095.488625	3.000000	-1.982093	-10.614800	-0.660698
9886.500000	-47132.747646	3.000000	-2.063481	-10.621529	-0.687827
9894.379883	-46903.997798	3.000000	-2.286644	-10.623652	-0.762215
9902.518555	-46554.378470	3.000000	6.291021	-10.619222	2.097007
9910.679688	-47168.229173	3.000000	-4.193089	-10.626463	-1.397696
9919.099609	-47599.408489	3.000000	-1.165581	-10.640643	-0.388527
9927.040039	-47604.604245	3.000000	-0.375700	-10.653252	-0.125233
9935.540039	-47538.905272	3.000000	0.161389	-10.663930	0.053796
9943.259766	-47593.870906	3.000000	1.615505	-10.673791	0.538502
9951.879883	-47480.042825	3.000000	4.194804	-10.681466	1.398268
9959.879883	-47735.318558	3.000000	-1.038060	-10.692737	-0.346020
9967.940430	-47513.951969	3.000000	7.107904	-10.699257	2.369301
9976.218750	-47694.709611	3.000000	-5.073362	-10.707965	-1.691121
9984.319336	-47713.988606	3.000000	-0.475842	-10.716264	-0.158614
9992.819336	-47917.853750	3.000000	-2.001596	-10.728000	-0.667199
10000.558594	-47537.469602	3.000000	1.173307	-10.731156	0.391102
