1.100000	-109.505210	1.000000	0.209752	0.435147	0.209752
8.179000	-226.567717	1.000000	-0.126676	0.451429	-0.126676
16.278999	-249.337042	1.000000	-0.440601	0.465839	-0.440601
24.540001	-295.336030	1.000000	-0.334835	0.478573	-0.334835
32.380001	-327.094928	1.000000	-0.268074	0.489075	-0.268074
41.060001	-397.105679	1.000000	-0.285327	0.497806	-0.285327
49.000000	-441.396921	1.000000	-0.588375	0.505346	-0.588375
57.219002	-470.342582	1.000000	-1.015193	0.511667	-1.015193
65.459999	-525.722282	1.000000	-0.684765	0.516577	-0.684765
73.518997	-532.097570	1.000000	0.066479	0.520596	0.066479
81.779999	-556.881704	1.000000	-0.415472	0.524309	-0.415472
89.959999	-663.978383	1.000000	-0.667888	0.525779	-0.667888
97.980003	-683.135828	1.000000	-0.506237	0.526381	-0.506237
106.199997	-690.326716	1.000000	-0.406471	0.527284	-0.406471
114.360001	-738.190313	1.000000	-0.634507	0.526853	-0.634507
122.620003	-755.786486	1.000000	-0.592501	0.526700	-0.592501
130.598999	-886.582167	1.000000	-0.205439	0.524050	-0.205439
138.839996	-941.139159	1.000000	-0.783781	0.520337	-0.783781
147.238998	-994.357360	1.000000	-0.270699	0.516063	-0.270699
155.360001	-1018.539245	1.000000	-0.310456	0.511731	-0.310456
163.300003	-1066.954339	1.000000	-0.294328	0.506574	-0.294328
171.080002	-1045.457418	1.000000	0.012471	0.502402	0.012471
179.580002	-1101.376785	1.000000	-1.154716	0.497752	-1.154716
187.820007	-1168.309740	1.000000	-0.936431	0.492224	-0.936431
196.059998	-1201.798470	1.000000	-0.443977	0.486863	-0.443977
204.000000	-1246.167383	1.000000	-0.966811	0.481095	-0.966811
211.878998	-1307.751013	1.000000	-0.729023	0.475120	-0.729023
220.059998	-1393.933980	1.000000	-0.545243	0.467368	-0.545243
228.279999	-1414.445933	1.000000	-0.297704	0.460502	-0.297704
236.559998	-1461.753080	1.000000	-0.364839	0.453371	-0.364839
244.679993	-1500.050996	1.000000	-1.336995	0.445794	-1.336995
253.119995	-1543.147725	1.000000	-0.748526	0.439048	-0.748526
261.220001	-1642.208752	1.000000	-0.081294	0.430952	-0.081294
269.220001	-1688.893571	1.000000	-0.699393	0.422039	-0.699393
277.279999	-1629.720938	1.000000	-0.609378	0.415461	-0.609378
285.359009	-1706.553023	1.000000	-0.710270	0.408192	-0.710270
293.739990	-1806.941458	1.000000	0.034599	0.399399	0.034599
301.839996	-1851.591288	1.000000	-0.688516	0.391313	-0.688516
309.699005	-1879.361491	1.000000	-2.004977	0.383801	-2.004977
317.660004	-1920.334456	1.000000	-0.902675	0.375135	-0.902675
325.519989	-1952.735925	1.000000	-0.883172	0.367610	-0.883172
334.239990	-1988.393643	1.000000	-0.594751	0.359850	-0.594751
342.100006	-2046.116450	1.000000	-0.667888	0.351342	-0.667888
350.500000	-2089.736964	1.000000	-0.684765	0.343526	-0.684765
358.839996	-2123.571709	1.000000	-0.519739	0.335021	-0.519739
367.160004	-2170.455383	1.000000	-1.338495	0.327224	-1.338495
375.559998	-2206.366390	1.000000	0.175247	0.318855	0.175247
383.480011	-2300.448659	1.000000	-0.978437	0.309887	-0.978437
391.500000	-2348.081613	1.000000	-0.633007	0.301018	-0.633007
400.040009	-2409.779477	1.000000	-0.331834	0.291513	-0.331834
408.079987	-2425.687951	1.000000	-0.855043	0.283375	-0.855043
415.799988	-2463.076827	1.000000	-0.197563	0.274705	-0.197563
424.059998	-2510.725343	1.000000	-0.679890	0.266128	-0.679890
432.179993	-2527.332212	1.000000	-0.131177	0.258004	-0.131177
440.259003	-2605.695047	1.000000	-0.505862	0.249621	-0.505862
448.959991	-2688.476398	1.000000	-0.524240	0.240044	-0.524240
456.859985	-2701.499264	1.000000	-0.212940	0.231387	-0.212940
464.959991	-2744.473362	1.000000	-0.783406	0.222833	-0.783406
473.100006	-2831.126095	1.000000	-0.131552	0.213121	-0.131552
481.399994	-2809.738207	1.000000	-0.479608	0.205450	-0.479608
489.619995	-2840.284518	1.000000	-0.591376	0.197172	-0.591376
497.459991	-2902.163733	1.000000	-0.638633	0.188544	-0.638633
506.000000	-2962.093649	1.000000	-0.226442	0.180034	-0.226442
513.539978	-3008.179925	1.000000	0.175997	0.171080	0.175997
521.958984	-3042.009369	1.000000	-0.729773	0.163931	-0.729773
530.280029	-3018.131772	1.000000	-0.468356	0.156065	-0.468356
538.239990	-3077.801834	1.000000	-0.404971	0.148305	-0.404971
546.320007	-3165.836434	1.000000	-0.589125	0.140079	-0.589125
554.419006	-3247.934179	1.000000	-0.056915	0.130669	-0.056915
562.658997	-3286.018033	1.000000	-0.590625	0.121213	-0.590625
571.140015	-3325.380937	1.000000	-0.474732	0.112625	-0.474732
579.398987	-3409.776968	1.000000	-0.533616	0.102513	-0.533616
587.059998	-3456.191736	1.000000	-0.430100	0.093339	-0.430100
595.619995	-3491.464511	1.000000	-0.829164	0.084052	-0.829164
603.760010	-3531.689305	1.000000	-0.912802	0.074690	-0.912802
611.880005	-3583.062977	1.000000	0.092358	0.065795	0.092358
619.898987	-3599.225409	1.000000	-0.418848	0.056309	-0.418848
627.739990	-3657.910860	1.000000	0.367277	0.048101	0.367277
636.218994	-3649.819379	1.000000	-0.340836	0.040528	-0.340836
644.039978	-3733.059751	1.000000	-0.002532	0.031754	-0.002532
652.179993	-3766.089167	1.000000	-0.492360	0.023575	-0.492360
660.099976	-3843.974067	1.000000	-0.224192	0.015130	-0.224192
668.619995	-3861.333510	1.000000	-0.349462	0.006603	-0.349462
676.619995	-3901.278024	1.000000	-0.422974	-0.001474	-0.422974
685.039978	-3993.731858	1.000000	0.096484	-0.010515	0.096484
692.940002	-4021.262148	1.000000	0.031224	-0.019132	0.031224
701.200012	-3986.385889	1.000000	0.162495	-0.026399	0.162495
709.440002	-4047.000412	1.000000	0.389781	-0.034261	0.389781
717.239990	-4114.208574	1.000000	-0.120300	-0.042464	-0.120300
725.460022	-4155.699003	1.000000	0.336147	-0.050313	0.336147
733.500000	-4140.008423	1.000000	0.186498	-0.058015	0.186498
741.859985	-4262.680931	1.000000	-0.357338	-0.066769	-0.357338
750.299988	-4299.321982	1.000000	-0.484859	-0.075578	-0.484859
758.460022	-4335.176466	1.000000	-1.150965	-0.083983	-1.150965
766.739990	-4384.922707	1.000000	-0.487859	-0.092412	-0.487859
774.500000	-4350.408812	1.000000	0.375529	-0.099885	0.375529
782.500000	-4491.357742	1.000000	-0.225692	-0.108123	-0.225692
790.659973	-4547.937107	1.000000	0.056728	-0.117267	0.056728
799.099976	-4633.367101	1.000000	-0.146555	-0.127591	-0.146555
807.039978	-4702.805546	1.000000	-0.562871	-0.137376	-0.562871
814.898987	-4704.515516	1.000000	-0.257947	-0.146562	-0.257947
822.940002	-4737.524792	1.000000	-1.383877	-0.155897	-1.383877
831.119995	-4855.718090	1.000000	-0.633007	-0.166134	-0.633007
839.359985	-4874.972398	1.000000	-0.715520	-0.175443	-0.715520
847.679993	-4936.333141	1.000000	-0.499486	-0.184876	-0.499486
856.200012	-4930.225108	1.000000	-0.304455	-0.193845	-0.304455
864.239990	-4922.981652	1.000000	0.211627	-0.202006	0.211627
872.138977	-5038.261448	1.000000	-0.947682	-0.211309	-0.947682
880.500000	-5089.689337	1.000000	-0.530991	-0.221000	-0.530991
888.260010	-5146.482975	1.000000	-0.700518	-0.231183	-0.700518
896.919983	-5229.580623	1.000000	-0.615004	-0.241461	-0.615004
904.960022	-5258.770816	1.000000	-1.174969	-0.251577	-1.174969
913.280029	-5276.005888	1.000000	-1.097331	-0.261085	-1.097331
921.419983	-5330.884556	1.000000	-0.807785	-0.270375	-0.807785
929.299988	-5377.980091	1.000000	-1.239479	-0.280384	-1.239479
937.679993	-5429.699014	1.000000	-0.479983	-0.289501	-0.479983
945.838989	-5457.138362	1.000000	-1.400005	-0.298924	-1.400005
954.280029	-5474.920593	1.000000	-1.095081	-0.307608	-1.095081
962.200012	-5549.756441	1.000000	-0.583499	-0.316698	-0.583499
970.179993	-5573.680389	1.000000	-0.655511	-0.325465	-0.655511
978.559998	-5625.508780	1.000000	-1.243230	-0.334374	-1.243230
986.719971	-5675.517920	1.000000	-0.721896	-0.343104	-0.721896
994.820007	-5725.116710	1.000000	-0.975062	-0.352487	-0.975062
1003.099976	-5798.803624	1.000000	-0.800284	-0.361806	-0.800284
1011.619995	-5829.840498	1.000000	-1.153590	-0.371125	-1.153590
1019.719971	-5865.528121	1.000000	-0.757902	-0.380125	-0.757902
1027.500000	-5930.036692	1.000000	-0.832914	-0.389027	-0.832914
1036.119995	-5944.153074	1.000000	-0.601877	-0.398051	-0.601877
1044.199951	-5973.083452	1.000000	-0.722271	-0.406377	-0.722271
1052.119995	-6075.782902	1.000000	-0.491610	-0.415587	-0.491610
1060.699951	-6067.780879	1.000000	-1.339245	-0.424481	-1.339245
1068.660034	-6170.288868	1.000000	-0.435351	-0.434071	-0.435351
1077.038940	-6227.192175	1.000000	-1.126211	-0.443837	-1.126211
1085.079956	-6267.174964	1.000000	-0.670513	-0.452800	-0.670513
1093.160034	-6296.912423	1.000000	-0.799159	-0.461968	-0.799159
1101.239990	-6355.265702	1.000000	-0.757527	-0.471486	-0.757527
1109.619995	-6407.846588	1.000000	-1.140088	-0.480542	-1.140088
1117.798950	-6457.336101	1.000000	-0.920303	-0.489939	-0.920303
1126.119995	-6516.947862	1.000000	-0.966060	-0.500013	-0.966060
1134.239990	-6502.147511	1.000000	-0.763153	-0.508262	-0.763153
1142.380005	-6536.891406	1.000000	-0.956309	-0.516931	-0.956309
1150.380005	-6596.188578	1.000000	-1.452513	-0.525599	-1.452513
1158.660034	-6672.912440	1.000000	-0.281201	-0.534730	-0.281201
1166.680054	-6685.756747	1.000000	-1.004317	-0.543432	-1.004317
1174.838989	-6622.109723	1.000000	-0.218941	-0.550196	-0.218941
1182.599976	-6713.606601	1.000000	-0.569997	-0.557367	-0.569997
1191.119995	-6797.908514	1.000000	-0.657011	-0.565992	-0.657011
1198.979980	-6855.140271	1.000000	-0.517114	-0.575182	-0.517114
1207.239990	-6910.347593	1.000000	-0.134928	-0.584129	-0.134928
1215.660034	-6863.798901	1.000000	-0.684390	-0.590964	-0.684390
1223.699951	-7024.181963	1.000000	-0.161557	-0.600494	-0.161557
1231.959961	-7083.492951	1.000000	-0.448478	-0.610119	-0.448478
1239.859985	-7110.727314	1.000000	-0.778530	-0.619098	-0.778530
1247.780029	-7121.410408	1.000000	-0.646509	-0.627959	-0.646509
1256.140015	-7180.475207	1.000000	-1.081954	-0.636543	-1.081954
1264.280029	-7232.645935	1.000000	-0.715520	-0.645774	-0.715520
1272.338989	-7243.862507	1.000000	-0.556495	-0.654365	-0.556495
1280.140015	-7271.466219	1.000000	-0.226817	-0.662131	-0.226817
1288.760010	-7366.287324	1.000000	0.007970	-0.670790	0.007970
1297.119995	-7431.398207	1.000000	-0.182560	-0.680326	-0.182560
1305.160034	-7474.322159	1.000000	-0.534742	-0.689350	-0.534742
1313.479980	-7516.575860	1.000000	-0.513363	-0.698658	-0.513363
1321.599976	-7507.246942	1.000000	-0.284202	-0.706953	-0.284202
1329.699951	-7592.383593	1.000000	-0.995315	-0.715991	-0.995315
1337.780029	-7644.130390	1.000000	-0.624756	-0.724808	-0.624756
1345.819946	-7655.483774	1.000000	0.051102	-0.733417	0.051102
1353.760010	-7706.232038	1.000000	-0.170183	-0.742348	-0.170183
1362.040039	-7761.521671	1.000000	-0.454854	-0.750832	-0.454854
1370.160034	-7824.430406	1.000000	-0.936806	-0.760255	-0.936806
1378.439941	-7884.370865	1.000000	-0.718521	-0.769247	-0.718521
1386.199951	-7878.748881	1.000000	-0.223067	-0.778000	-0.223067
1394.900024	-7976.853204	1.000000	-0.428225	-0.787361	-0.428225
1402.859985	-8024.756366	1.000000	-0.735023	-0.796420	-0.735023
1410.959961	-8058.324152	1.000000	-0.651385	-0.805779	-0.651385
1419.239990	-8067.420558	1.000000	-0.724522	-0.813712	-0.724522
1427.520020	-8133.366096	1.000000	-0.630757	-0.822784	-0.630757
1435.760010	-8106.856561	1.000000	-1.019319	-0.830184	-1.019319
1443.819946	-8187.670986	1.000000	-0.208064	-0.838298	-0.208064
1451.819946	-8262.425730	1.000000	-0.451103	-0.847323	-0.451103
1460.239990	-8294.160599	1.000000	-0.570747	-0.855653	-0.570747
1468.180054	-8315.294384	1.000000	-0.048664	-0.864001	-0.048664
1476.579956	-8370.037054	1.000000	-0.635258	-0.872078	-0.635258
1484.819946	-8324.322409	1.000000	-0.469856	-0.879137	-0.469856
1493.079956	-8402.633709	1.000000	-0.447728	-0.886627	-0.447728
1501.079956	-8503.091087	1.000000	-0.542993	-0.895332	-0.542993
1509.119995	-8470.781668	1.000000	-0.465731	-0.902740	-0.465731
1517.260010	-8519.957099	1.000000	-1.561281	-0.909963	-1.561281
1525.680054	-8592.181402	1.000000	-0.310831	-0.918386	-0.310831
1533.880005	-8620.961701	1.000000	-0.484859	-0.926174	-0.484859
1542.020020	-8672.558334	1.000000	-1.077453	-0.934206	-1.077453
1550.040039	-8739.201729	1.000000	-0.062541	-0.943299	-0.062541
1558.000000	-8806.597488	1.000000	-0.079044	-0.951887	-0.079044
1565.939941	-8875.880960	1.000000	-0.470981	-0.961004	-0.470981
1574.180054	-8909.353163	1.000000	-0.368215	-0.970410	-0.368215
1582.279053	-8926.875803	1.000000	-0.639008	-0.978766	-0.639008
1591.060059	-8967.967153	1.000000	-0.192687	-0.987698	-0.192687
1598.920044	-8696.400580	1.000000	-0.881297	-0.990792	-0.881297
1606.739990	-9043.433551	1.000000	-0.927429	-0.999392	-0.927429
1614.920044	-9126.683276	1.000000	-0.698643	-1.008802	-0.698643
1623.199951	-9160.155532	1.000000	-0.237319	-1.018412	-0.237319
1631.560059	-9192.424053	1.000000	-0.530241	-1.027120	-0.530241
1639.599976	-9242.010071	1.000000	-0.292453	-1.036522	-0.292453
1647.819946	-9307.600429	1.000000	-0.739524	-1.046000	-0.739524
1656.038940	-9328.187190	1.000000	-1.148715	-1.054648	-1.148715
1664.000000	-9361.043939	1.000000	-1.202723	-1.063565	-1.202723
1671.500000	-9410.219645	1.000000	-0.837790	-1.072445	-0.837790
1680.020020	-9467.383858	1.000000	-0.791282	-1.081106	-0.791282
1688.678955	-9491.034719	1.000000	-0.936431	-1.089570	-0.936431
1696.739990	-9584.612283	1.000000	-0.850167	-1.099115	-0.850167
1704.819946	-9637.057329	1.000000	-0.737649	-1.108926	-0.737649
1713.078979	-9676.890407	1.000000	-1.041447	-1.118267	-1.041447
1721.078979	-9695.384339	1.000000	-0.585750	-1.126928	-0.585750
1729.300049	-9734.259906	1.000000	-1.048574	-1.135760	-1.048574
1737.459961	-9770.427051	1.000000	-1.123961	-1.144000	-1.123961
1746.020020	-9828.371104	1.000000	-0.137178	-1.152696	-0.137178
1753.760010	-9841.297720	1.000000	-0.662262	-1.161457	-0.662262
1761.819946	-9899.009259	1.000000	-0.970561	-1.169604	-0.970561
1769.660034	-9978.101052	1.000000	-0.814161	-1.178216	-0.814161
1777.660034	-10017.387065	1.000000	-0.700893	-1.187670	-0.700893
1786.380005	-10020.752093	1.000000	-0.613504	-1.195557	-0.613504
1794.400024	-10103.756144	1.000000	-0.461605	-1.204441	-0.461605
1802.459961	-10061.693274	1.000000	-0.605628	-1.212324	-0.605628
1810.900024	-10191.742463	1.000000	-0.272950	-1.220948	-0.272950
1818.959961	-10216.401269	1.000000	-0.246696	-1.229392	-0.246696
1826.739990	-10254.295802	1.000000	-1.071827	-1.238385	-1.071827
1835.038940	-10305.255059	1.000000	-1.264608	-1.246492	-1.264608
1843.140015	-10318.080376	1.000000	-0.612754	-1.254696	-0.612754
1851.420044	-10345.201646	1.000000	-0.784156	-1.263156	-0.784156
1859.678955	-10405.600343	1.000000	-1.189971	-1.271215	-1.189971
1867.599976	-10479.508379	1.000000	-0.359964	-1.280336	-0.359964
1875.819946	-10514.324847	1.000000	-0.664512	-1.288756	-0.664512
1883.979980	-10567.370371	1.000000	-0.984813	-1.296923	-0.984813
1892.060059	-10595.996487	1.000000	-1.466765	-1.305451	-1.466765
1900.279053	-10646.887362	1.000000	-0.583874	-1.314127	-0.583874
1908.420044	-10669.288924	1.000000	-0.798034	-1.322022	-0.798034
1916.300049	-10724.318107	1.000000	-0.535492	-1.330446	-0.535492
1924.439941	-10743.573192	1.000000	-0.605628	-1.338517	-0.605628
1932.779053	-10805.613558	1.000000	-0.794658	-1.346500	-0.794658
1940.939941	-10826.339282	1.000000	-0.876421	-1.354960	-0.876421
1949.140015	-10886.498606	1.000000	-0.320582	-1.362879	-0.320582
1957.400024	-10935.645254	1.000000	-0.777780	-1.371655	-0.777780
1965.578979	-10946.315925	1.000000	-0.900425	-1.379638	-0.900425
1973.619995	-10944.092868	1.000000	-0.942807	-1.386379	-0.942807
1982.078979	-11042.728183	1.000000	-0.620255	-1.394995	-0.620255
1990.060059	-10900.247354	1.000000	-0.667888	-1.399808	-0.667888
1998.060059	-11116.602074	1.000000	-1.259732	-1.408056	-1.259732
2006.400024	-11179.155480	1.000000	-0.721896	-1.417137	-0.721896
2014.359985	-11245.641993	1.000000	-0.533241	-1.425753	-0.533241
2022.719971	-11291.881587	1.000000	-0.560246	-1.435003	-0.560246
2030.839966	-11265.033893	1.000000	-1.014443	-1.442392	-1.014443
2038.979980	-11330.631190	1.000000	-0.568497	-1.450937	-0.568497
2047.140015	-11385.352609	1.000000	-0.532866	-1.458980	-0.532866
2055.360107	-11429.813765	1.000000	-0.439476	-1.467492	-0.439476
2063.678955	-11450.197496	1.000000	-0.835540	-1.475419	-0.835540
2071.719971	-11491.238566	1.000000	-1.261983	-1.483081	-1.261983
2079.839111	-11425.230846	1.000000	-1.221101	-1.489168	-1.221101
2087.878906	-11452.249549	1.000000	-1.309615	-1.495316	-1.309615
2096.479980	-11556.254466	1.000000	-1.174969	-1.502449	-1.174969
2104.239990	-11446.743206	1.000000	-1.775440	-1.507643	-1.775440
2112.360107	-11629.136578	1.000000	-0.920678	-1.515205	-0.920678
2120.599121	-11707.012028	1.000000	-1.050449	-1.523289	-1.050449
2128.939941	-11728.934807	1.000000	-0.822412	-1.531468	-0.822412
2137.099121	-11757.834571	1.000000	-0.550494	-1.539058	-0.550494
2145.360107	-11800.688305	1.000000	-0.494985	-1.546360	-0.494985
2153.439941	-11847.577749	1.000000	-1.315991	-1.554499	-1.315991
2161.780029	-11883.215096	1.000000	-1.151715	-1.561997	-1.151715
2169.540039	-11956.165641	1.000000	-0.274075	-1.570269	-0.274075
2177.638916	-11976.549385	1.000000	-0.846791	-1.577943	-0.846791
2185.780029	-12004.799341	1.000000	-0.197938	-1.585722	-0.197938
2194.219971	-12103.845199	1.000000	-0.550119	-1.594498	-0.550119
2202.439941	-12074.295604	1.000000	-1.333619	-1.601856	-1.333619
2210.719971	-12112.566433	1.000000	-0.190062	-1.609619	-0.190062
2218.500000	-12131.650547	1.000000	-0.708394	-1.616780	-0.708394
2226.820068	-12188.766087	1.000000	-0.576373	-1.624034	-0.576373
2234.659912	-12255.526294	1.000000	-0.912802	-1.632414	-0.912802
2243.300049	-12315.206913	1.000000	-0.753776	-1.640453	-0.753776
2251.419922	-12289.009002	1.000000	-1.224477	-1.647747	-1.224477
2259.739990	-12353.238348	1.000000	-0.650635	-1.654892	-0.650635
2267.579102	-12428.822410	1.000000	-1.291612	-1.663324	-1.291612
2275.760010	-12262.776890	1.000000	-1.038072	-1.668293	-1.038072
2284.020020	-12445.238859	1.000000	-0.621755	-1.675351	-0.621755
2291.939941	-12529.065357	1.000000	-0.285327	-1.683963	-0.285327
2300.120117	-12499.823554	1.000000	-1.821947	-1.690199	-1.821947
2308.099121	-12447.290915	1.000000	-1.452513	-1.695388	-1.452513
2316.199951	-12607.556518	1.000000	0.046226	-1.703568	0.046226
2324.699951	-12639.637003	1.000000	0.339523	-1.711190	0.339523
2332.800049	-12642.065270	1.000000	-0.923679	-1.717638	-0.923679
2341.079102	-12647.024407	1.000000	-0.990064	-1.724359	-0.990064
2349.120117	-12778.458652	1.000000	-1.026070	-1.732061	-1.026070
2357.320068	-12766.727725	1.000000	0.174497	-1.739624	0.174497
2365.479980	-12818.302761	1.000000	-0.497236	-1.747034	-0.497236
2373.699951	-12869.296385	1.000000	-0.419598	-1.754624	-0.419598
2381.579102	-12934.688615	1.000000	-0.625131	-1.763300	-0.625131
2389.659912	-12950.386856	1.000000	-0.131927	-1.770778	-0.131927
2397.520020	-12949.189822	1.000000	-1.156591	-1.777659	-1.156591
2405.899902	-12996.660756	1.000000	0.066479	-1.784929	0.066479
2413.719971	-13027.133813	1.000000	-0.748526	-1.792146	-0.748526
2421.699951	-13041.635022	1.000000	-0.790532	-1.798751	-0.790532
2430.839111	-13090.576604	1.000000	-0.742525	-1.806005	-0.742525
2438.620117	-13115.748516	1.000000	-0.453354	-1.812633	-0.453354
2447.079102	-13195.197369	1.000000	-0.305205	-1.819827	-0.305205
2455.219971	-13200.601122	1.000000	-0.578248	-1.827321	-0.578248
2463.459961	-13241.881697	1.000000	-0.374591	-1.833861	-0.374591
2471.620117	-13279.468568	1.000000	-0.541118	-1.840946	-0.541118
2479.638916	-13345.955269	1.000000	-0.565121	-1.848865	-0.565121
2487.540039	-13372.529431	1.000000	-0.109799	-1.855995	-0.109799
2495.419922	-13373.008244	1.000000	-0.051289	-1.862996	-0.051289
2503.500000	-13379.267024	1.000000	-0.412847	-1.869047	-0.412847
2511.399902	-13469.147208	1.000000	-0.937181	-1.876565	-0.937181
2519.659912	-13495.516169	1.000000	0.136240	-1.882941	0.136240
2528.000000	-13539.977453	1.000000	-0.318332	-1.890239	-0.318332
2536.000000	-13575.649086	1.000000	0.092358	-1.897469	0.092358
2544.540039	-13583.275907	1.000000	-0.340085	-1.904322	-0.340085
2552.360107	-13580.471426	1.000000	-0.932305	-1.910225	-0.932305
2560.979980	-13623.667279	1.000000	-0.029911	-1.916545	-0.029911
2568.699951	-13662.588011	1.000000	0.372903	-1.922644	0.372903
2577.060059	-13684.168839	1.000000	0.052602	-1.929040	0.052602
2585.419922	-13710.606210	1.000000	0.357901	-1.935000	0.357901
2593.479980	-13720.353495	1.000000	-0.826913	-1.940959	-0.826913
2601.479980	-13776.477336	1.000000	-0.532866	-1.946746	-0.532866
2609.520020	-13815.056066	1.000000	-0.611254	-1.952941	-0.611254
2617.560059	-13841.527644	1.000000	-0.037037	-1.958997	-0.037037
2625.739990	-13884.552509	1.000000	-0.757152	-1.965429	-0.757152
2634.000000	-13858.080930	1.000000	-0.348712	-1.970599	-0.348712
2642.280029	-13908.185405	1.000000	-0.358838	-1.976297	-0.358838
2650.179932	-13930.587066	1.000000	-0.247071	-1.982152	-0.247071
2658.780029	-13903.841877	1.000000	-1.135963	-1.986821	-1.135963
2666.620117	-13864.647523	1.000000	-0.087670	-1.990268	-0.087670
2674.899902	-13916.154240	1.000000	-0.096297	-1.994299	-0.096297
2683.120117	-13973.406732	1.000000	-1.338495	-1.999361	-1.338495
2691.159912	-13997.792053	1.000000	-1.158091	-2.005003	-1.158091
2699.340088	-14020.433125	1.000000	-0.995690	-2.009287	-0.995690
2707.060059	-14073.855111	1.000000	-0.183686	-2.014670	-0.183686
2715.300049	-14118.726847	1.000000	-0.488984	-2.020120	-0.488984
2723.040039	-14222.766357	1.000000	-1.079704	-2.027077	-1.079704
2731.659912	-14222.937362	1.000000	-0.745525	-2.033437	-0.745525
2739.919922	-14222.561151	1.000000	-0.450353	-2.038671	-0.450353
2748.080078	-14130.252591	1.000000	-0.506237	-2.042474	-0.506237
2756.179932	-14304.301606	1.000000	-0.864419	-2.048926	-0.864419
2764.199951	-14325.301038	1.000000	-0.996815	-2.054549	-0.996815
2772.139893	-14088.937760	1.000000	0.105111	-2.056048	0.105111
2780.320068	-14349.617971	1.000000	0.226630	-2.062347	0.226630
2788.659912	-14387.820525	1.000000	0.235631	-2.067842	0.235631
2796.840088	-14440.387517	1.000000	-0.455229	-2.074382	-0.455229
2804.840088	-14515.561400	1.000000	-0.058040	-2.081063	-0.058040
2813.120117	-14457.111824	1.000000	-0.755277	-2.086309	-0.755277
2820.780029	-14463.302212	1.000000	-0.097422	-2.091667	-0.097422
2829.199951	-14644.191529	1.000000	-0.476607	-2.099317	-0.476607
2837.659912	-14583.074259	1.000000	0.405158	-2.105529	0.405158
2845.840088	-14622.576467	1.000000	-0.283076	-2.111693	-0.283076
2853.919922	-14727.813097	1.000000	-0.073043	-2.118902	-0.073043
2862.139893	-14662.112878	1.000000	0.216878	-2.124565	0.216878
2870.320068	-14669.671310	1.000000	-0.227568	-2.129991	-0.227568
2878.520020	-14693.064829	1.000000	-0.230193	-2.134816	-0.230193
2886.540039	-14734.755911	1.000000	-0.003657	-2.140675	-0.003657
2895.020020	-14752.369454	1.000000	-0.744775	-2.145721	-0.744775
2903.179932	-14836.230444	1.000000	-0.718896	-2.152622	-0.718896
2910.820068	-14805.552095	1.000000	-0.888423	-2.157860	-0.888423
2919.059082	-14768.067738	1.000000	-0.294703	-2.161418	-0.294703
2927.340088	-14868.755652	1.000000	-0.938681	-2.166933	-0.938681
2935.280029	-14872.312562	1.000000	-0.407971	-2.172078	-0.407971
2944.199951	-14888.694871	1.000000	-0.481858	-2.176611	-0.481858
2952.000000	-14932.198623	1.000000	-0.565496	-2.182113	-0.565496
2960.260010	-14913.148630	1.000000	-0.675389	-2.186261	-0.675389
2968.280029	-14864.959334	1.000000	-0.098172	-2.189058	-0.098172
2976.919922	-14812.973724	1.000000	-0.496485	-2.191327	-0.496485
2984.599121	-14686.532428	1.000000	-0.299579	-2.190293	-0.299579
2993.040039	-14365.111039	1.000000	-1.980223	-2.184686	-1.980223
3001.179932	-13878.464730	1.000000	1.568968	-2.170391	1.568968
3009.540039	-13350.127789	1.000000	5.936157	-2.149003	5.936157
3017.320068	-14014.584751	1.000000	2.703523	-2.140872	2.703523
3025.679932	-13726.509674	1.000000	-4.583517	-2.128492	-4.583517
3033.739990	-13274.680432	1.000000	2.217071	-2.109256	2.217071
3042.059082	-13763.070543	1.000000	-0.028411	-2.101081	-0.028411
3050.219971	-13568.740486	1.000000	-0.165683	-2.088865	-0.165683
3058.620117	-14137.674212	1.000000	1.395316	-2.088657	1.395316
3066.479980	-13563.063121	1.000000	0.120488	-2.078326	0.120488
3074.699951	-13197.796643	1.000000	2.379472	-2.062003	2.379472
3082.559082	-13595.109450	1.000000	6.410981	-2.054853	6.410981
3090.739990	-14153.201476	1.000000	1.384439	-2.057715	1.384439
3099.120117	-14128.474138	1.000000	1.570843	-2.059218	1.570843
3107.599121	-13990.712444	1.000000	3.803947	-2.059089	3.803947
3115.659912	-14124.438417	1.000000	-0.642009	-2.060809	-0.642009
3123.080078	-14539.775738	1.000000	-1.231603	-2.069906	-1.231603
3131.820068	-14109.971386	1.000000	0.917865	-2.070074	0.917865
3140.040039	-13956.956045	1.000000	2.805164	-2.067810	2.805164
3148.120117	-13745.251822	1.000000	2.913181	-2.062416	2.913181
3156.699951	-14386.349881	1.000000	-2.471552	-2.068920	-2.471552
3164.760010	-14478.726880	1.000000	-2.145624	-2.075969	-2.145624
3172.800049	-14515.869210	1.000000	-4.424866	-2.082986	-4.424866
3180.820068	-14651.134342	1.000000	0.293766	-2.091555	0.293766
3188.919922	-14716.697755	1.000000	-0.686641	-2.100968	-0.686641
3197.120117	-14625.825566	1.000000	-0.759027	-2.107545	-0.759027
3205.360107	-15080.870667	1.000000	-1.941967	-2.121451	-1.941967
3213.340088	-15101.972730	1.000000	-0.742150	-2.134596	-0.742150
3221.500000	-14927.068463	1.000000	-0.415097	-2.143613	-0.415097
3229.879883	-14998.411887	1.000000	0.146742	-2.152814	0.146742
3237.939941	-14966.468090	1.000000	1.068639	-2.160469	1.068639
3246.080078	-14831.237089	1.000000	-2.039107	-2.164925	-2.039107
3254.459961	-14656.640710	1.000000	0.412659	-2.166227	0.412659
3262.080078	-15023.994286	1.000000	1.990535	-2.173890	1.990535
3270.879883	-14520.007536	1.000000	0.528178	-2.172327	0.528178
3278.879883	-14909.147106	1.000000	-3.159787	-2.177312	-3.159787
3286.919922	-14880.213007	1.000000	2.091051	-2.181600	2.091051
3295.139893	-15148.999208	1.000000	0.543180	-2.190317	0.543180
3303.139893	-15210.732155	1.000000	0.471169	-2.199153	0.471169
3311.559082	-15077.211153	1.000000	-4.821305	-2.205105	-4.821305
3319.699951	-15104.743017	1.000000	2.808539	-2.210595	2.808539
3327.600098	-15049.371480	1.000000	0.037225	-2.214999	0.037225
3335.959961	-15330.572752	1.000000	0.750963	-2.223588	0.750963
3344.000000	-15024.336297	1.000000	4.328279	-2.225788	4.328279
3352.179932	-15104.230000	1.000000	2.521994	-2.230160	2.521994
3360.358887	-15170.716892	1.000000	4.598697	-2.234228	4.598697
3368.579102	-15379.001493	1.000000	1.912523	-2.242527	1.912523
3376.858887	-15682.194235	1.000000	-1.785191	-2.255299	-1.785191
3384.858887	-15297.808111	1.000000	-0.802159	-2.259131	-0.802159
3392.840088	-15232.210433	1.000000	3.418386	-2.262617	3.418386
3400.760010	-15001.113771	1.000000	-0.072668	-2.261098	-0.072668
3409.239990	-15430.747745	1.000000	0.948995	-2.267154	0.948995
3417.559082	-15753.537750	1.000000	-1.326493	-2.279128	-1.326493
3425.959961	-15694.985449	1.000000	-1.987724	-2.287961	-1.987724
3433.760010	-15655.961986	1.000000	0.314769	-2.295800	0.314769
3441.879883	-15854.123230	1.000000	-0.479983	-2.306512	-0.479983
3449.919922	-15858.227364	1.000000	-1.712805	-2.315990	-1.712805
3458.040039	-16154.409127	1.000000	-0.613879	-2.330313	-0.613879
3466.639893	-15407.183192	1.000000	3.512151	-2.328830	3.512151
3475.300049	-15261.418158	1.000000	4.224763	-2.326626	4.224763
3482.840088	-15988.020623	1.000000	0.739336	-2.336978	0.739336
3491.000000	-16163.575032	1.000000	-1.695177	-2.348996	-1.695177
3499.199951	-16278.832875	1.000000	-2.048109	-2.362317	-2.048109
3507.239990	-16028.206948	1.000000	3.033950	-2.369218	3.033950
3515.520020	-15552.093235	1.000000	-6.701485	-2.368233	-6.701485
3523.500000	-16322.234129	1.000000	-0.817162	-2.380740	-0.817162
3531.379883	-16503.705444	1.000000	-1.711305	-2.395039	-1.711305
3539.419922	-16611.062890	1.000000	1.334931	-2.409346	1.334931
3547.719971	-16478.396588	1.000000	1.013505	-2.420812	1.013505
3556.000000	-16625.803592	1.000000	0.286264	-2.432730	0.286264
3563.939941	-16753.579163	1.000000	-1.313741	-2.446472	-1.313741
3572.239990	-16699.267702	1.000000	-0.783406	-2.457986	-0.783406
3580.679932	-16089.974190	1.000000	2.313836	-2.458134	2.313836
3588.820068	-16440.604311	1.000000	-2.824483	-2.464603	-2.824483
3597.000000	-16809.942701	1.000000	-1.602912	-2.476513	-1.602912
3605.280029	-16764.591941	1.000000	-1.161842	-2.486536	-1.161842
3613.479980	-16925.508493	1.000000	-0.174684	-2.499196	-0.174684
3621.419922	-17032.387207	1.000000	-1.782941	-2.511539	-1.782941
3629.579102	-16542.865772	1.000000	-1.261233	-2.514228	-1.261233
3637.840088	-16306.296395	1.000000	-4.258714	-2.513242	-4.258714
3646.000000	-16462.869263	1.000000	-1.916838	-2.515010	-1.916838
3654.139893	-17130.442033	1.000000	-1.409381	-2.527906	-1.409381
3661.899902	-17064.536328	1.000000	-2.130247	-2.538354	-2.130247
3670.139893	-17178.186908	1.000000	-0.515613	-2.550445	-0.515613
3678.139893	-17270.666965	1.000000	0.179372	-2.562928	0.179372
3686.699951	-17362.257807	1.000000	-0.693392	-2.575672	-0.693392
3694.699951	-17318.172444	1.000000	-0.477732	-2.586505	-0.477732
3702.919922	-17343.481341	1.000000	-1.953968	-2.597245	-1.953968
3710.719971	-17197.339581	1.000000	-1.709054	-2.603393	-1.709054
3718.979980	-17128.595168	1.000000	-1.285987	-2.608975	-1.285987
3727.179932	-17520.848859	1.000000	-1.049699	-2.620505	-1.049699
3735.780029	-17586.378408	1.000000	-1.226727	-2.631734	-1.226727
3743.780029	-16785.352055	1.000000	1.135774	-2.628761	1.135774
3752.000000	-17173.501343	1.000000	-2.593071	-2.631999	-2.593071
3760.000000	-17294.402604	1.000000	2.565126	-2.637942	2.565126
3767.919922	-17487.297459	1.000000	-1.967846	-2.645929	-1.967846
3776.040039	-17585.831189	1.000000	2.044169	-2.655515	2.044169
3784.520020	-17728.997552	1.000000	0.966623	-2.666344	0.966623
3792.959961	-17278.020225	1.000000	2.970940	-2.668011	2.970940
3801.199951	-17013.405545	1.000000	-3.182291	-2.666007	-3.182291
3809.300049	-17492.530246	1.000000	-1.985098	-2.671530	-1.985098
3817.419922	-17190.294134	1.000000	-0.528741	-2.671349	-0.528741
3825.500000	-17290.230056	1.000000	0.890485	-2.673690	0.890485
3833.520020	-17366.430355	1.000000	1.796629	-2.676431	1.796629
3841.780029	-17637.782858	1.000000	-2.678210	-2.684442	-2.678210
3849.800049	-17729.852583	1.000000	-0.915427	-2.692429	-0.915427
3858.059082	-17292.760946	1.000000	-0.130802	-2.692097	-0.130802
3866.300049	-17469.239214	1.000000	-0.505112	-2.695599	-0.505112
3874.379883	-17835.329212	1.000000	-1.386503	-2.704841	-1.386503
3882.280029	-18167.457617	1.000000	-1.551529	-2.719204	-1.551529
3890.520020	-18199.230596	1.000000	-2.519559	-2.732417	-2.519559
3898.719971	-18083.527712	1.000000	0.227755	-2.742392	0.227755
3907.059082	-18387.508626	1.000000	-0.466856	-2.757292	-0.466856
3915.079102	-18191.706316	1.000000	-1.515898	-2.766493	-1.515898
3923.120117	-18003.188953	1.000000	0.479795	-2.772649	0.479795
3931.358887	-18280.869035	1.000000	-2.325278	-2.782496	-2.325278
3939.559082	-18103.193438	1.000000	-1.706804	-2.788812	-1.706804
3947.559082	-18255.628494	1.000000	-2.368785	-2.797300	-2.368785
3955.820068	-18583.003202	1.000000	-0.182935	-2.809835	-0.182935
3963.899902	-18545.039764	1.000000	-1.547403	-2.821545	-1.547403
3972.239990	-18621.684871	1.000000	-1.638918	-2.832887	-1.638918
3980.419922	-18682.768397	1.000000	-2.607323	-2.844509	-2.607323
3988.658936	-18546.955036	1.000000	-0.328459	-2.853021	-0.328459
3996.820068	-18771.247181	1.000000	-1.492270	-2.864519	-1.492270
4004.858887	-18511.419892	1.000000	-0.832539	-2.869628	-0.832539
4012.840088	-18646.891230	1.000000	-0.667888	-2.877251	-0.667888
4021.139893	-18526.023844	1.000000	1.060012	-2.881984	1.060012
4029.040039	-18632.800294	1.000000	0.667700	-2.888929	0.667700
4037.340088	-19040.274768	1.000000	0.822600	-2.901914	0.822600
4045.739990	-18999.814596	1.000000	-0.420723	-2.912898	-0.420723
4053.658936	-19107.001569	1.000000	-1.422508	-2.925222	-1.422508
4061.600098	-19210.392217	1.000000	-1.003941	-2.937329	-1.003941
4069.719971	-19312.483236	1.000000	-1.471266	-2.950598	-1.471266
4077.979980	-18980.388243	1.000000	-3.012013	-2.956966	-3.012013
4086.179932	-18815.401075	1.000000	-2.100992	-2.959903	-2.100992
4094.800049	-19115.517701	1.000000	-1.631792	-2.968059	-1.631792
4102.799805	-18457.894873	1.000000	-2.029731	-2.963831	-2.029731
4110.879883	-18721.108061	1.000000	-7.321836	-2.964328	-7.321836
4118.979980	-19376.268759	1.000000	-2.113369	-2.976246	-2.113369
4127.179199	-19410.128102	1.000000	-2.173754	-2.988105	-2.173754
4135.500000	-19559.827468	1.000000	-2.902121	-3.000833	-2.902121
4143.278809	-19587.838390	1.000000	-3.281307	-3.013469	-3.281307
4151.020020	-19818.082078	1.000000	-1.405631	-3.028806	-1.405631
4159.140137	-19770.165935	1.000000	-1.124711	-3.041362	-1.124711
4167.339844	-19836.174612	1.000000	-1.495645	-3.054519	-1.495645
4175.540039	-19576.038917	1.000000	-0.610129	-3.061544	-0.610129
4183.959961	-19487.765190	1.000000	-4.891441	-3.066526	-4.891441
4192.140137	-19964.361439	1.000000	-1.399630	-3.079903	-1.399630
4200.379883	-20026.950004	1.000000	-2.342156	-3.092647	-2.342156
4208.379883	-19791.952218	1.000000	-1.340370	-3.100694	-1.340370
4216.620117	-19872.975309	1.000000	1.525836	-3.109002	1.525836
4225.159180	-19967.405364	1.000000	-1.594661	-3.118320	-1.594661
4233.199219	-19939.462821	1.000000	0.218379	-3.125790	0.218379
4241.500000	-20191.219379	1.000000	-1.631417	-3.137236	-1.631417
4249.540039	-20168.954257	1.000000	-1.360623	-3.147667	-1.360623
4257.520020	-20022.161808	1.000000	-2.187256	-3.154516	-2.187256
4265.419922	-20226.481042	1.000000	-0.770654	-3.164151	-0.770654
4273.640137	-20031.532993	1.000000	-3.834146	-3.169970	-3.834146
4281.959961	-20104.587199	1.000000	-5.182864	-3.175817	-5.182864
4290.040039	-20134.205621	1.000000	-3.221297	-3.182201	-3.221297
4298.060059	-20279.185432	1.000000	-2.642579	-3.190112	-2.642579
4306.640137	-19550.216884	1.000000	3.460767	-3.184922	3.460767
4314.758789	-19630.521703	1.000000	-5.938986	-3.182197	-5.938986
4322.819824	-20372.555329	1.000000	1.112896	-3.192396	1.112896
4330.699219	-20703.043883	1.000000	-0.850917	-3.206812	-0.850917
4339.020020	-20727.874141	1.000000	-0.970936	-3.220590	-0.970936
4347.399902	-20630.536800	1.000000	1.816882	-3.231218	1.816882
4355.699219	-20817.926592	1.000000	-1.721431	-3.244788	-1.721431
4363.580078	-20843.098872	1.000000	-3.355194	-3.257139	-3.355194
4371.720215	-20884.345845	1.000000	-2.278771	-3.268821	-2.278771
4380.080078	-20771.788817	1.000000	-0.333334	-3.277991	-0.333334
4388.179199	-21107.373699	1.000000	-1.391378	-3.291524	-1.391378
4396.319824	-20872.512136	1.000000	-3.756133	-3.300221	-3.756133
4404.439941	-21023.956275	1.000000	-2.352282	-3.310460	-2.352282
4412.600098	-21049.060164	1.000000	-2.218011	-3.320507	-2.218011
4420.839844	-21018.757649	1.000000	-3.573104	-3.329512	-3.573104
4428.659180	-21051.830484	1.000000	-2.026355	-3.337828	-2.026355
4437.020020	-20824.082856	1.000000	-1.431135	-3.341247	-1.431135
4445.278809	-20527.419436	1.000000	-2.151250	-3.339720	-2.151250
4453.819824	-20980.520394	1.000000	-1.420633	-3.346152	-1.420633
4461.560059	-21284.571654	1.000000	-2.163627	-3.357758	-2.163627
4469.640137	-21197.221022	1.000000	-1.994850	-3.365886	-1.994850
4477.319824	-21214.048159	1.000000	-0.048289	-3.374165	-0.048289
4485.959961	-21632.161684	1.000000	-0.127051	-3.388905	-0.127051
4493.979980	-21255.671384	1.000000	-3.275306	-3.394792	-3.275306
4502.299805	-21431.261931	1.000000	-4.322099	-3.404178	-4.322099
4510.758789	-21620.293753	1.000000	-0.918428	-3.416025	-0.918428
4519.100098	-21475.997516	1.000000	2.006288	-3.423780	2.006288
4526.778809	-21293.327239	1.000000	2.475487	-3.428264	2.475487
4534.839844	-21360.533201	1.000000	0.176372	-3.433145	0.176372
4542.919922	-21208.781128	1.000000	-0.225692	-3.434748	-0.225692
4551.319824	-21313.437725	1.000000	-6.391685	-3.438788	-6.391685
4559.620117	-21684.626839	1.000000	-3.075023	-3.448755	-3.075023
4567.419922	-21796.294872	1.000000	-0.307080	-3.459387	-0.307080
4575.580078	-21469.430824	1.000000	-5.696697	-3.463507	-5.696697
4583.620117	-21529.112479	1.000000	-5.259001	-3.467679	-5.259001
4591.679199	-21669.680767	1.000000	-3.503342	-3.474592	-3.503342
4599.819824	-21650.938326	1.000000	0.863856	-3.480844	0.863856
4608.199219	-21875.847677	1.000000	3.874833	-3.489665	3.874833
4616.199219	-22171.041389	1.000000	-1.091705	-3.503711	-1.091705
4624.299805	-22239.068334	1.000000	-1.545528	-3.517181	-1.545528
4632.520020	-22293.380452	1.000000	-0.478483	-3.530282	-0.478483
4640.740234	-22013.748362	1.000000	2.413227	-3.537291	2.413227
4648.520020	-22392.838684	1.000000	-0.764653	-3.550793	-0.764653
4657.120117	-22364.280352	1.000000	0.758089	-3.561806	0.758089
4664.720215	-22399.165980	1.000000	0.269012	-3.573011	0.269012
4672.740234	-21924.208676	1.000000	2.475112	-3.574791	2.475112
4681.159180	-21629.938585	1.000000	8.593447	-3.571160	8.593447
4688.839844	-22183.319756	1.000000	-0.811536	-3.578414	-0.811536
4697.319824	-22401.696898	1.000000	-2.729593	-3.588084	-2.729593
4705.299805	-22411.615361	1.000000	2.994194	-3.597009	2.994194
4713.419922	-22732.050270	1.000000	0.416035	-3.610915	0.416035
4722.299805	-22673.360283	1.000000	-1.115709	-3.622606	-1.115709
4729.919922	-22757.906700	1.000000	-0.314956	-3.634216	-0.314956
4738.080078	-22802.916046	1.000000	-1.350872	-3.646295	-1.350872
4746.299805	-22924.639676	1.000000	-2.533436	-3.658899	-2.533436
4754.858887	-22672.300033	1.000000	-0.744025	-3.665343	-0.744025
4762.240234	-22528.277032	1.000000	-0.398220	-3.669679	-0.398220
4770.479980	-22749.082680	1.000000	-5.916107	-3.677222	-5.916107
4778.620117	-22868.377977	1.000000	-2.785852	-3.686443	-2.785852
4786.858887	-23204.785440	1.000000	0.564934	-3.700029	0.564934
4794.979980	-22981.311804	1.000000	0.325646	-3.708798	0.325646
4802.919922	-23284.201722	1.000000	0.462167	-3.722384	0.462167
4810.879883	-23366.764575	1.000000	-0.432350	-3.735308	-0.432350
4819.560059	-23329.313735	1.000000	-1.246605	-3.746998	-1.246605
4827.758789	-23405.309874	1.000000	-0.853542	-3.759390	-0.853542
4835.699219	-23218.979132	1.000000	-1.275110	-3.766355	-1.275110
4843.740234	-23356.880289	1.000000	0.849979	-3.775926	0.849979
4852.399902	-23384.959871	1.000000	0.488046	-3.784999	0.488046
4860.419922	-23391.321385	1.000000	-0.254197	-3.793431	-0.254197
4868.679199	-23567.494306	1.000000	-0.339335	-3.804272	-0.339335
4876.640137	-23640.549146	1.000000	-2.246140	-3.814703	-2.246140
4884.799805	-22784.720778	1.000000	1.558467	-3.810155	1.558467
4893.080078	-23575.805319	1.000000	0.101735	-3.819589	0.101735
4901.358887	-23722.291236	1.000000	1.730619	-3.830562	1.730619
4909.580078	-23634.666452	1.000000	-1.535401	-3.838978	-1.535401
4917.778809	-23847.469535	1.000000	2.289457	-3.850548	2.289457
4926.000000	-23774.825075	1.000000	-1.167093	-3.859625	-1.167093
4933.758789	-23936.804456	1.000000	0.981625	-3.870995	0.981625
4942.179199	-24016.118287	1.000000	-1.370375	-3.882465	-1.370375
4950.319824	-23870.418894	1.000000	-0.532866	-3.890023	-0.532866
4958.778809	-23875.651759	1.000000	-1.857953	-3.897694	-1.857953
4966.720215	-23948.056827	1.000000	0.984625	-3.905136	0.984625
4974.899902	-24076.039744	1.000000	-2.064611	-3.914626	-2.064611
4982.979980	-24101.656854	1.000000	-2.192132	-3.923860	-2.192132
4991.399902	-24198.618829	1.000000	1.129398	-3.934015	1.129398
4999.140137	-23945.525898	1.000000	-0.239569	-3.938187	-0.239569
5007.220215	-23796.303755	1.000000	-3.485339	-3.940191	-3.485339
5015.560059	-24104.632407	1.000000	-1.080829	-3.947543	-1.080829
5023.278809	-24372.500614	1.000000	-1.354623	-3.958301	-1.354623
5031.939941	-24335.186479	1.000000	0.875858	-3.967000	0.875858
5039.919922	-24447.881335	1.000000	0.220629	-3.977414	0.220629
5048.358887	-24552.094181	1.000000	-0.875671	-3.988429	-0.875671
5056.399902	-24318.085593	1.000000	2.403100	-3.994188	2.403100
5064.540039	-24166.058756	1.000000	0.160244	-3.997713	0.160244
5072.640137	-24436.526343	1.000000	-2.435171	-4.004850	-2.435171
5081.140137	-24396.168243	1.000000	-0.493110	-4.010386	-0.493110
5089.159180	-24813.874796	1.000000	0.714583	-4.023571	0.714583
5097.240234	-24840.757425	1.000000	-0.692642	-4.035034	-0.692642
5105.258789	-24915.762024	1.000000	-1.804320	-4.047659	-1.804320
5113.258789	-24921.747344	1.000000	0.288140	-4.058633	0.288140
5121.459961	-24752.345732	1.000000	0.188749	-4.066059	0.188749
5130.000000	-25053.903231	1.000000	0.407409	-4.078243	0.407409
5138.419922	-25018.641135	1.000000	-0.528365	-4.088088	-0.528365
5146.540039	-24810.352009	1.000000	-3.030016	-4.094104	-3.030016
5154.740234	-24814.456227	1.000000	-4.067433	-4.099199	-4.067433
5162.299805	-24632.571008	1.000000	1.805631	-4.100913	1.805631
5170.620117	-25140.707513	1.000000	-0.583499	-4.111487	-0.583499
5178.839844	-25109.002400	1.000000	-1.151715	-4.120563	-1.151715
5186.979980	-24916.548666	1.000000	2.127432	-4.124985	2.127432
5195.040039	-25390.996732	1.000000	-1.191846	-4.137209	-1.191846
5203.258789	-25119.194550	1.000000	-0.679140	-4.143778	-0.679140
5211.220215	-24710.722129	1.000000	6.737657	-4.142336	6.737657
5219.358887	-25360.283451	1.000000	-0.418098	-4.153255	-0.418098
5227.439941	-25297.933447	1.000000	-4.289844	-4.161658	-4.289844
5235.758789	-25490.353188	1.000000	2.210695	-4.172536	2.210695
5243.879883	-25514.841737	1.000000	0.344774	-4.182966	0.344774
5252.220215	-25514.944343	1.000000	-0.520489	-4.192843	-0.520489
5260.359863	-25336.444748	1.000000	0.338398	-4.197737	0.338398
5268.419922	-25625.982087	1.000000	0.909238	-4.208600	0.909238
5276.680176	-25768.588738	1.000000	1.601223	-4.220984	1.601223
5284.819824	-25638.971187	1.000000	-0.047914	-4.229027	-0.047914
5292.520020	-25185.751350	1.000000	-0.450353	-4.229411	-0.450353
5301.020020	-25977.234736	1.000000	-1.978722	-4.243446	-1.978722
5308.879883	-25722.853430	1.000000	5.753503	-4.251288	5.753503
5317.060059	-25852.265897	1.000000	0.251384	-4.261237	0.251384
5325.359863	-25753.206907	1.000000	-1.310740	-4.267750	-1.310740
5333.600098	-25887.746655	1.000000	-2.438921	-4.276402	-2.438921
5341.759766	-25882.140832	1.000000	2.915431	-4.284805	2.915431
5349.779785	-26106.510500	1.000000	-1.536152	-4.295939	-1.536152
5357.919922	-25916.391044	1.000000	1.300426	-4.302404	1.300426
5366.279785	-25465.830439	1.000000	-4.135319	-4.300401	-4.135319
5374.040039	-25801.266582	1.000000	-2.649330	-4.304647	-2.649330
5382.259766	-25855.752446	1.000000	3.254860	-4.309798	3.254860
5390.299805	-26229.770269	1.000000	0.912614	-4.320548	0.912614
5398.740234	-25656.677381	1.000000	2.230948	-4.320804	2.230948
5407.000000	-26311.191454	1.000000	-2.520684	-4.332420	-2.520684
5415.060059	-26209.124428	1.000000	0.516551	-4.341079	0.516551
5423.140137	-25585.374059	1.000000	3.565034	-4.337314	3.565034
5431.180176	-26374.359530	1.000000	2.436106	-4.348978	2.436106
5439.580078	-26345.099858	1.000000	-1.491144	-4.358374	-1.491144
5447.479980	-26757.880054	1.000000	0.127989	-4.373987	0.127989
5455.979980	-26810.656862	1.000000	-2.133622	-4.389896	-2.133622
5464.560059	-26916.005393	1.000000	-1.363624	-4.405356	-1.363624
5472.459961	-26840.942000	1.000000	-2.488054	-4.418181	-2.488054
5480.919922	-26825.696885	1.000000	-2.016604	-4.430157	-2.016604
5488.720215	-26640.294427	1.000000	-5.363643	-4.437198	-5.363643
5497.040039	-26788.712101	1.000000	0.300517	-4.446539	0.300517
5505.180176	-27030.377947	1.000000	-3.618861	-4.459396	-3.618861
5513.020020	-26979.378588	1.000000	-3.875777	-4.469834	-3.875777
5521.220215	-26991.000426	1.000000	0.299391	-4.480263	0.299391
5529.839844	-26676.595570	1.000000	4.899119	-4.483412	4.899119
5537.640137	-26672.903928	1.000000	1.521711	-4.486632	1.521711
5545.699219	-27132.718490	1.000000	-0.368590	-4.497799	-0.368590
5553.759766	-27111.867543	1.000000	-0.085420	-4.507467	-0.085420
5562.080078	-27042.341604	1.000000	1.243041	-4.514533	1.243041
5570.199219	-26209.602974	1.000000	2.301459	-4.506650	2.301459
5577.959961	-27102.638436	1.000000	-4.669030	-4.515374	-4.669030
5586.240234	-27569.768070	1.000000	-2.172253	-4.531756	-2.172253
5594.600098	-27624.117277	1.000000	0.049602	-4.547617	0.049602
5602.740234	-27674.022841	1.000000	-2.708965	-4.561948	-2.708965
5611.000000	-27356.404726	1.000000	-4.706161	-4.569790	-4.706161
5618.699219	-27232.666308	1.000000	-1.655421	-4.575037	-1.655421
5627.100098	-27441.449259	1.000000	0.836102	-4.582527	0.836102
5635.199219	-27531.894536	1.000000	-1.323117	-4.592204	-1.323117
5643.500000	-27676.552301	1.000000	-2.994385	-4.603178	-2.994385
5651.359863	-27698.702168	1.000000	-5.265377	-4.613952	-5.265377
5659.740234	-27709.913829	1.000000	-2.034606	-4.623517	-2.034606
5667.759766	-27988.838116	1.000000	-1.781441	-4.636791	-1.781441
5676.479980	-27874.123660	1.000000	1.302676	-4.647405	1.302676
5684.619141	-27566.965155	1.000000	-0.254197	-4.650665	-0.254197
5692.640137	-27922.867048	1.000000	-4.142070	-4.660798	-4.142070
5700.979980	-28105.945317	1.000000	-2.297899	-4.673263	-2.297899
5708.720215	-27494.431186	1.000000	2.017914	-4.673423	2.017914
5717.000000	-27979.062093	1.000000	1.024757	-4.682539	1.024757
5724.959961	-28281.161772	1.000000	1.478204	-4.696213	1.478204
5733.359863	-28289.638886	1.000000	2.793162	-4.708157	2.793162
5741.359863	-28236.588563	1.000000	-4.689284	-4.718339	-4.689284
5749.339844	-27925.669964	1.000000	-8.119216	-4.722312	-8.119216
5757.740234	-28215.669235	1.000000	1.212287	-4.731604	1.212287
5765.859863	-28248.688959	1.000000	0.495548	-4.740688	0.495548
5774.180176	-28600.284119	1.000000	0.080732	-4.753513	0.080732
5782.080078	-28463.693182	1.000000	2.015289	-4.764087	2.015289
5790.560059	-28655.317008	1.000000	-0.660762	-4.776792	-0.660762
5798.419922	-28843.522671	1.000000	-1.010317	-4.791492	-1.010317
5806.779785	-28845.095039	1.000000	-1.979098	-4.805182	-1.979098
5815.060059	-28628.586747	1.000000	1.754248	-4.813048	1.754248
5823.040039	-28955.844480	1.000000	-0.218191	-4.826682	-0.218191
5831.279785	-28807.358195	1.000000	-4.428992	-4.835806	-4.428992
5839.379883	-28565.760382	1.000000	0.331647	-4.840316	0.331647
5847.479980	-28184.837155	1.000000	6.304464	-4.837641	6.304464
5855.799805	-28946.888815	1.000000	-0.813786	-4.849384	-0.813786
5864.279785	-28763.536970	1.000000	-5.193365	-4.856129	-5.193365
5872.319824	-27813.279882	1.000000	-3.849523	-4.845275	-3.849523
5880.520020	-28934.788413	1.000000	-3.481964	-4.856418	-3.481964
5888.500000	-29014.910853	1.000000	1.776751	-4.866559	1.776751
5896.640137	-28846.120497	1.000000	-4.428617	-4.873785	-4.428617
5904.799805	-29261.362588	1.000000	-3.110654	-4.886970	-3.110654
5913.080078	-29163.944074	1.000000	0.280638	-4.897729	0.280638
5921.199219	-29189.033613	1.000000	2.712899	-4.907806	2.712899
5929.220215	-29463.582939	1.000000	-1.728932	-4.921376	-1.728932
5937.379883	-29494.415051	1.000000	1.754998	-4.934649	1.754998
5945.819824	-29360.011660	1.000000	2.306335	-4.944158	2.306335
5953.839844	-29171.395735	1.000000	0.797096	-4.949501	0.797096
5961.919922	-29448.201065	1.000000	-1.203848	-4.959506	-1.203848
5969.979980	-29647.481800	1.000000	-2.135123	-4.972267	-2.135123
5978.100098	-29706.001294	1.000000	-0.233193	-4.983891	-0.233193
5986.140137	-29806.086044	1.000000	0.173371	-4.997060	0.173371
5994.259766	-29914.032651	1.000000	-1.722181	-5.011103	-1.722181
6002.640137	-29774.365193	1.000000	-2.515809	-5.020539	-2.515809
6010.699219	-29648.780714	1.000000	-0.936056	-5.027821	-0.936056
6018.520020	-29725.895188	1.000000	-1.339620	-5.035776	-1.339620
6026.459961	-29852.641863	1.000000	-0.794658	-5.044739	-0.794658
6035.220215	-29923.603599	1.000000	-3.541974	-5.054248	-3.541974
6043.100098	-30017.945798	1.000000	-1.369625	-5.064614	-1.369625
6051.339844	-30113.792010	1.000000	-1.218851	-5.075388	-1.218851
6059.600098	-30114.612377	1.000000	0.136616	-5.085914	0.136616
6067.520020	-30216.953170	1.000000	-0.786407	-5.096809	-0.786407
6075.660156	-30187.078135	1.000000	-0.819787	-5.105909	-0.819787
6083.720215	-30273.079955	1.000000	-1.993725	-5.116499	-1.993725
6092.040039	-30218.867360	1.000000	-1.661797	-5.124501	-1.661797
6100.419922	-30267.474113	1.000000	-0.217066	-5.133089	-0.217066
6108.619141	-30258.108255	1.000000	-3.999172	-5.140683	-3.999172
6116.699219	-30065.048536	1.000000	-8.223483	-5.143871	-8.223483
6124.600098	-30311.773940	1.000000	-5.126980	-5.151673	-5.126980
6132.520020	-30371.045470	1.000000	-2.668833	-5.159588	-2.668833
6140.479980	-30548.108076	1.000000	-0.209565	-5.169377	-0.209565
6149.140137	-30544.142967	1.000000	-0.040413	-5.178685	-0.040413
6156.640137	-30556.448477	1.000000	-1.696677	-5.187225	-1.696677
6164.939941	-30538.126940	1.000000	-0.989689	-5.194522	-0.989689
6173.439941	-30734.194750	1.000000	-1.668173	-5.205345	-1.668173
6181.339844	-30805.635087	1.000000	1.124898	-5.215334	1.124898
6189.720215	-31001.566214	1.000000	0.188374	-5.228183	0.188374
6197.939941	-31055.915573	1.000000	-1.412007	-5.241352	-1.412007
6206.020020	-30898.063165	1.000000	0.320395	-5.249555	0.320395
6214.119141	-30734.058022	1.000000	6.939439	-5.255043	6.939439
6222.339844	-30998.148015	1.000000	0.685703	-5.264207	0.685703
6230.799805	-31073.143295	1.000000	1.252793	-5.274252	1.252793
6238.799805	-30933.954248	1.000000	2.865924	-5.280669	2.865924
6246.839844	-30775.144761	1.000000	0.913364	-5.283873	0.913364
6254.699219	-31189.977336	1.000000	0.296766	-5.293990	0.296766
6262.959961	-31361.844403	1.000000	-0.871170	-5.306503	-0.871170
6271.459961	-31433.763326	1.000000	-0.146555	-5.318479	-0.146555
6279.640137	-31181.226746	1.000000	-6.393185	-5.325312	-6.393185
6287.540039	-31255.128214	1.000000	-3.889655	-5.333194	-3.889655
6295.759766	-31336.754817	1.000000	-2.417918	-5.341077	-2.417918
6304.060059	-31573.567710	1.000000	-1.661047	-5.353229	-1.661047
6312.000000	-31580.677566	1.000000	2.028041	-5.363651	2.028041
6320.520020	-31673.447527	1.000000	-1.212850	-5.375138	-1.212850
6328.560059	-31104.659088	1.000000	3.740187	-5.376043	3.740187
6336.600098	-31140.071629	1.000000	-1.538777	-5.376836	-1.538777
6344.660156	-31528.310739	1.000000	1.953029	-5.384895	1.953029
6353.119141	-31238.720857	1.000000	1.572344	-5.386761	1.572344
6361.580078	-31900.347706	1.000000	-1.203848	-5.400363	-1.203848
6369.379883	-31952.988007	1.000000	-3.322188	-5.413365	-3.322188
6377.439941	-32071.941424	1.000000	-2.121995	-5.427576	-2.121995
6385.720215	-32177.632229	1.000000	-1.481393	-5.442371	-1.481393
6394.240234	-32168.949996	1.000000	-1.660671	-5.454836	-1.660671
6402.000000	-31604.331513	1.000000	0.090483	-5.456590	0.090483
6409.819824	-32005.901767	1.000000	-0.481858	-5.465522	-0.481858
6418.040039	-32146.458226	1.000000	-2.361284	-5.476280	-2.361284
6426.459961	-32267.599313	1.000000	-1.699678	-5.488136	-1.699678
6434.819824	-31956.406208	1.000000	-0.354338	-5.492814	-0.354338
6442.660156	-32099.560495	1.000000	-2.372161	-5.500280	-2.372161
6450.859863	-31753.296696	1.000000	-7.344340	-5.500488	-7.344340
6458.299805	-31780.095391	1.000000	2.362969	-5.501306	2.362969
6466.919922	-32170.727461	1.000000	-0.341961	-5.509693	-0.341961
6475.240234	-32448.080415	1.000000	-3.143660	-5.521228	-3.143660
6483.259766	-32413.898386	1.000000	-0.884297	-5.531906	-0.884297
6491.939941	-32545.089020	1.000000	-2.916373	-5.543570	-2.916373
6500.160156	-32580.364878	1.000000	-3.239675	-5.554528	-3.239675
6508.180176	-32571.682641	1.000000	-2.894244	-5.564614	-2.894244
6516.199219	-32703.830391	1.000000	-1.855703	-5.575620	-1.855703
6524.359863	-32636.628507	1.000000	-1.029446	-5.585121	-1.029446
6532.500000	-32492.995603	1.000000	-0.660762	-5.590632	-0.660762
6540.799805	-32761.392944	1.000000	-2.885243	-5.600726	-2.885243
6548.859863	-32857.923028	1.000000	-2.249141	-5.612117	-2.249141
6556.839844	-32915.143768	1.000000	-0.629632	-5.622515	-0.629632
6565.140137	-32937.362097	1.000000	-0.492360	-5.633017	-0.492360
6572.919922	-32898.873115	1.000000	-4.226084	-5.641548	-4.226084
6581.439941	-33034.986022	1.000000	-2.465551	-5.651729	-2.465551
6589.759766	-33107.041782	1.000000	-0.385468	-5.662728	-0.385468
6598.000000	-32984.533320	1.000000	1.672110	-5.669745	1.672110
6605.959961	-33039.292960	1.000000	1.009004	-5.677299	1.009004
6614.359863	-33148.607156	1.000000	0.169621	-5.686424	0.169621
6622.359863	-33154.828289	1.000000	0.953495	-5.694594	0.953495
6630.240234	-33207.742107	1.000000	1.170280	-5.703102	1.170280
6638.560059	-32765.358060	1.000000	2.636762	-5.702845	2.636762
6646.740234	-33358.006424	1.000000	-0.975062	-5.713500	-0.975062
6654.700195	-33497.195775	1.000000	-1.084954	-5.725532	-1.084954
6662.580078	-33480.925113	1.000000	-1.688426	-5.736378	-1.688426
6670.459961	-33523.105778	1.000000	-1.516273	-5.746239	-1.516273
6678.600098	-33411.808985	1.000000	-2.070237	-5.753729	-2.070237
6687.000000	-33649.511057	1.000000	-1.108583	-5.764912	-1.108583
6695.299805	-33754.928559	1.000000	-1.493395	-5.777064	-1.493395
6703.459961	-33640.418627	1.000000	-3.135408	-5.785195	-3.135408
6711.719238	-33719.652662	1.000000	-0.694142	-5.794712	-0.694142
6719.939941	-33765.593365	1.000000	-1.677549	-5.804052	-1.677549
6728.060059	-33850.980182	1.000000	-1.158466	-5.814185	-1.158466
6736.419922	-33783.436406	1.000000	-1.208349	-5.822100	-1.208349
6744.619141	-33903.142029	1.000000	-0.515989	-5.830936	-0.515989
6752.500000	-33929.393863	1.000000	-0.138678	-5.839972	-0.138678
6760.479980	-33525.840343	1.000000	0.444915	-5.840773	0.444915
6768.299805	-33527.959631	1.000000	1.816132	-5.841510	1.816132
6776.659180	-33736.880425	1.000000	-0.832164	-5.846380	-0.832164
6785.159180	-33597.691044	1.000000	-2.959130	-5.848063	-2.959130
6793.299805	-33886.597904	1.000000	-0.345711	-5.854928	-0.345711
6801.540039	-34079.726647	1.000000	-1.668923	-5.864613	-1.668923
6809.500000	-33339.479749	1.000000	4.997009	-5.859590	4.997009
6817.560059	-33864.858105	1.000000	-2.298274	-5.865726	-2.298274
6825.799805	-34220.830289	1.000000	-1.085705	-5.876236	-1.085705
6834.339844	-34280.307120	1.000000	-0.940181	-5.887667	-0.940181
6842.259766	-34204.696344	1.000000	-1.493020	-5.896343	-1.493020
6850.680176	-34372.735491	1.000000	-0.772905	-5.907213	-0.772905
6858.540039	-34255.627653	1.000000	-2.657956	-5.914695	-2.657956
6866.600098	-33655.116916	1.000000	-0.034412	-5.911074	-0.034412
6874.359863	-33331.959696	1.000000	4.844360	-5.902759	4.844360
6882.759766	-34027.222971	1.000000	-5.259001	-5.906973	-5.259001
6891.240234	-34505.020191	1.000000	-1.692927	-5.919566	-1.692927
6899.219238	-34487.108774	1.000000	-1.569532	-5.930060	-1.569532
6907.240234	-34445.543347	1.000000	-0.907926	-5.938839	-0.907926
6916.060059	-34345.936731	1.000000	-4.364481	-5.945024	-4.364481
6923.759766	-34431.118504	1.000000	-2.478303	-5.952473	-2.478303
6931.719238	-34561.147194	1.000000	-2.635828	-5.961902	-2.635828
6940.359863	-34644.688243	1.000000	-2.829359	-5.971010	-2.829359
6948.600098	-34192.459158	1.000000	3.466768	-5.971931	3.466768
6957.140137	-34453.678685	1.000000	-1.246230	-5.977138	-1.246230
6965.259766	-34655.284694	1.000000	-1.766813	-5.985710	-1.766813
6973.339844	-34633.203057	1.000000	-2.660582	-5.993112	-2.660582
6981.240234	-34549.593645	1.000000	1.825884	-5.998070	1.825884
6989.540039	-34862.770064	1.000000	1.585471	-6.008604	1.585471
6997.580078	-34927.579342	1.000000	-1.414632	-6.018730	-1.414632
7006.100098	-34600.046421	1.000000	-2.410042	-6.022439	-2.410042
7014.318848	-34927.305885	1.000000	-1.728182	-6.031987	-1.728182
7022.318848	-35067.247451	1.000000	-0.386218	-6.042377	-0.386218
7030.359863	-35048.105467	1.000000	-1.686551	-6.051774	-1.686551
7038.560059	-35054.600068	1.000000	3.536529	-6.060690	3.536529
7046.839844	-35081.945760	1.000000	1.340182	-6.069141	1.340182
7055.359863	-35238.363128	1.000000	-0.117300	-6.079619	-0.117300
7063.180176	-35253.471625	1.000000	1.283548	-6.089127	1.283548
7071.439941	-35292.575972	1.000000	0.720583	-6.099005	0.720583
7079.540039	-35303.240794	1.000000	-0.437976	-6.107656	-0.437976
7087.339844	-35342.481871	1.000000	-0.246696	-6.116364	-0.246696
7096.000000	-35462.939681	1.000000	-0.872295	-6.126609	-0.872295
7104.100098	-35280.065315	1.000000	-1.790817	-6.131752	-1.790817
7112.140137	-34871.452320	1.000000	1.788378	-6.130687	1.788378
7120.379883	-35497.600359	1.000000	-0.187061	-6.140267	-0.187061
7128.659180	-35523.783870	1.000000	-0.230943	-6.149624	-0.230943
7136.818848	-35573.006137	1.000000	0.838727	-6.158596	0.838727
7145.200195	-35546.207347	1.000000	-0.373841	-6.166078	-0.373841
7153.240234	-35604.727156	1.000000	-0.316832	-6.174449	-0.316832
7161.359863	-35757.521299	1.000000	-2.351157	-6.184110	-2.351157
7169.279785	-35750.069593	1.000000	-3.411453	-6.193298	-3.411453
7177.520020	-35712.332514	1.000000	-4.385860	-6.200660	-4.385860
7185.899902	-35572.732680	1.000000	0.299767	-6.204689	0.299767
7193.959961	-35779.261138	1.000000	-1.007317	-6.212700	-1.007317
7202.040039	-35790.336151	1.000000	-2.600197	-6.219565	-2.600197
7210.299805	-35774.270546	1.000000	-1.135587	-6.225845	-1.135587
7218.259766	-35830.124161	1.000000	0.172996	-6.232719	0.172996
7226.439941	-35920.296651	1.000000	-1.269109	-6.240345	-1.269109
7234.759766	-35963.229423	1.000000	-1.394004	-6.248027	-1.394004
7242.500000	-35906.145244	1.000000	-2.282521	-6.254171	-2.282521
7250.719238	-35889.122537	1.000000	-1.033196	-6.259138	-1.033196
7259.159180	-35971.364774	1.000000	-0.498736	-6.265514	-0.498736
7267.459961	-36002.538890	1.000000	-2.216886	-6.271106	-2.216886
7275.600098	-35945.454708	1.000000	0.186498	-6.276569	0.186498
7283.419922	-35877.295516	1.000000	-1.875206	-6.279613	-1.875206
7291.899902	-35949.009651	1.000000	-1.244730	-6.283266	-1.244730
7299.959961	-35880.987187	1.000000	-0.397095	-6.285821	-0.397095
7308.040039	-35899.719001	1.000000	-0.629257	-6.287832	-0.629257
7316.100098	-35967.604738	1.000000	-1.999726	-6.291405	-1.999726
7324.359863	-35915.852972	1.000000	-0.477732	-6.293672	-0.477732
7332.560059	-36013.477177	1.000000	-1.167468	-6.297877	-1.167468
7340.439941	-36016.758663	1.000000	-2.584820	-6.301346	-2.584820
7349.000000	-36030.704979	1.000000	-0.657011	-6.304494	-0.657011
7357.020020	-36094.488867	1.000000	-0.693017	-6.309100	-0.693017
7364.879883	-36124.158973	1.000000	-1.668548	-6.312986	-1.668548
7373.299805	-36010.400784	1.000000	-2.480928	-6.315181	-2.480928
7381.439941	-36057.708875	1.000000	-1.572532	-6.317624	-1.572532
7389.719238	-36100.504925	1.000000	-0.800659	-6.320444	-0.800659
7397.540039	-36103.307862	1.000000	-0.943182	-6.323768	-0.943182
7405.899902	-36085.533144	1.000000	-0.828788	-6.326011	-0.828788
7413.740234	-36102.008940	1.000000	-3.294059	-6.328286	-3.294059
7422.479980	-35997.479933	1.000000	-3.597858	-6.328767	-3.597858
7430.799805	-35906.760522	1.000000	-1.893209	-6.327253	-1.893209
7438.560059	-35845.916310	1.000000	-2.181630	-6.325442	-2.181630
7446.719238	-35768.391218	1.000000	0.297891	-6.322238	0.297891
7455.159180	-35675.689265	1.000000	-0.596251	-6.317087	-0.596251
7463.119141	-35658.529833	1.000000	0.983125	-6.312897	0.983125
7471.359863	-35605.479162	1.000000	-0.378342	-6.307546	-0.378342
7479.560059	-35562.683134	1.000000	-2.107368	-6.302620	-2.107368
7487.520020	-35443.182411	1.000000	-0.872295	-6.295699	-0.872295
7495.700195	-35347.814282	1.000000	-4.323600	-6.287464	-4.323600
7503.859863	-35123.989762	1.000000	-3.336816	-6.276465	-3.336816
7512.100098	-34803.908477	1.000000	-2.042108	-6.260556	-2.042108
7520.219238	-34627.050279	1.000000	0.093859	-6.243269	0.093859
7528.318848	-34451.832852	1.000000	-3.440332	-6.224107	-3.440332
7536.379883	-33473.405059	1.000000	0.007970	-6.189525	0.007970
7544.600098	-30608.336714	1.000000	0.516926	-6.106358	0.516926
7552.818848	-23237.448038	1.000000	-0.265824	-5.900356	-0.265824
7561.140137	-14771.590449	1.000000	0.126114	-5.567401	0.126114
7568.759766	-6541.227561	1.000000	0.082232	-5.122619	0.082232
7577.339844	-158.006191	1.000000	-0.536992	-4.610027	-0.536992
7585.479980	3804.979517	1.000000	0.212003	-4.076425	0.212003
7593.859863	6342.238753	1.000000	-0.115050	-3.548978	-0.115050
7601.759766	7927.978555	1.000000	-0.331459	-3.039847	-0.331459
7610.379883	8924.703921	1.000000	-0.100422	-2.560183	-0.100422
7618.040039	9555.413154	1.000000	-0.455229	-2.111544	-0.455229
7626.119141	9979.941090	1.000000	-0.396719	-1.695889	-0.396719
7634.520020	10242.132915	1.000000	-0.392594	-1.312216	-0.392594
7642.339844	10399.662246	1.000000	-0.527240	-0.959325	-0.527240
7650.859863	10498.024042	1.000000	-0.548619	-0.636877	-0.548619
7658.779785	10558.593846	1.000000	-0.357338	-0.341109	-0.357338
7666.818848	10609.211191	1.000000	-0.252697	-0.070667	-0.252697
7675.560059	10635.716896	1.000000	-0.444352	0.175827	-0.444352
7683.500000	10659.452328	1.000000	0.207127	0.401083	0.207127
7691.580078	10680.383287	1.000000	0.106236	0.606302	0.106236
7699.700195	10684.521597	1.000000	0.085232	0.794228	0.085232
7707.619141	10683.700775	1.000000	-0.367465	0.965287	-0.367465
7715.818848	10693.755844	1.000000	-0.266199	1.121261	-0.266199
7724.159180	10688.762510	1.000000	0.083357	1.263688	0.083357
7732.459961	10699.604200	1.000000	-0.815661	1.393518	-0.815661
7740.839844	10714.378995	1.000000	-0.276325	1.512611	-0.276325
7748.560059	10659.383927	1.000000	-0.466856	1.619846	-0.466856
7756.959961	10603.226032	1.000000	-0.279326	1.716607	-0.279326
7765.100098	10641.873060	1.000000	0.102485	1.805796	0.102485
7773.399902	10649.089452	1.000000	0.096109	1.887013	0.096109
7781.540039	10643.788311	1.000000	-0.266574	1.961131	-0.266574
7789.759766	10629.389728	1.000000	0.401783	2.028563	0.401783
7797.500000	10645.806165	1.000000	0.074731	2.089915	0.074731
7805.859863	10656.408447	1.000000	-0.104548	2.146968	-0.104548
7813.799805	10654.185388	1.000000	0.162870	2.198862	0.162870
7821.959961	10661.162374	1.000000	-0.532116	2.245783	-0.532116
7830.140137	10680.383287	1.000000	0.160244	2.289489	0.160244
7838.459961	10696.765524	1.000000	0.267136	2.329368	0.267136
7846.459961	10701.040638	1.000000	-0.037037	2.365441	-0.037037
7854.659180	10668.344566	1.000000	0.630944	2.398402	0.630944
7862.580078	10658.460502	1.000000	0.440789	2.427604	0.440789
7871.040039	10660.033744	1.000000	-0.406096	2.454526	-0.406096
7878.779785	10664.274657	1.000000	-0.128177	2.479579	-0.128177
7887.119141	10663.351232	1.000000	-0.419598	2.501858	-0.419598
7895.359863	10658.631507	1.000000	-0.211065	2.522576	-0.211065
7903.600098	10653.535571	1.000000	-0.141304	2.541900	-0.141304
7911.540039	10640.778631	1.000000	0.159869	2.558733	0.159869
7919.680176	10654.595799	1.000000	0.072855	2.574676	0.072855
7927.459961	10660.067945	1.000000	-0.124801	2.588422	-0.124801
7936.299805	10667.899954	1.000000	0.494047	2.601750	0.494047
7944.600098	10680.964702	1.000000	-0.244445	2.614183	-0.244445
7952.600098	10681.614520	1.000000	0.066479	2.624954	0.066479
7960.719238	10685.752830	1.000000	-0.211065	2.635497	-0.211065
7968.600098	10681.409314	1.000000	-0.086170	2.644730	-0.086170
7976.939941	10671.627853	1.000000	-0.091796	2.652944	-0.091796
7985.318848	10665.505890	1.000000	0.267886	2.660912	0.267886
7993.259766	10650.149681	1.000000	0.216503	2.667064	0.216503
8001.180176	10648.508037	1.000000	-0.124426	2.673408	-0.124426
8008.979980	10667.694748	1.000000	0.015471	2.679282	0.015471
8016.818848	10675.321552	1.000000	-0.263573	2.684475	-0.263573
8025.740234	10678.468036	1.000000	-0.229818	2.689917	-0.229818
8033.779785	10672.004063	1.000000	-0.120675	2.694297	-0.120675
8041.979980	10659.110319	1.000000	0.403658	2.698567	0.403658
8050.140137	10648.713242	1.000000	-0.565871	2.701550	-0.565871
8058.399902	10648.508037	1.000000	-0.571497	2.704578	-0.571497
8066.339844	10663.043424	1.000000	-0.478858	2.708147	-0.478858
8074.719238	10667.181735	1.000000	-0.179185	2.710941	-0.179185
8082.600098	10671.696255	1.000000	-0.242195	2.713916	-0.242195
8091.399902	10685.547625	1.000000	-0.206564	2.716870	-0.206564
8099.318848	10696.697122	1.000000	-0.712145	2.719318	-0.712145
8107.700195	10691.498584	1.000000	-0.415097	2.721954	-0.415097
8115.399902	10709.932876	1.000000	-0.125926	2.724299	-0.125926
8123.580078	10715.336620	1.000000	0.034974	2.726912	0.034974
8131.540039	10713.113561	1.000000	-0.832164	2.728911	-0.832164
8139.899902	10719.816940	1.000000	0.043226	2.731070	0.043226
8147.979980	10722.655616	1.000000	0.308018	2.733235	0.308018
8156.080078	10711.608721	1.000000	-0.536992	2.734763	-0.536992
8164.560059	10705.999771	1.000000	-0.098172	2.736338	-0.098172
8172.600098	10715.028812	1.000000	-0.021285	2.737837	-0.021285
8180.359863	10727.443744	1.000000	-0.185561	2.738936	-0.185561
8188.818848	10720.056347	1.000000	-0.301454	2.740541	-0.301454
8197.018555	10711.266712	1.000000	-0.331459	2.741225	-0.331459
8205.259766	10704.118721	1.000000	-0.083920	2.741894	-0.083920
8213.639648	10702.887488	1.000000	0.076231	2.742653	0.076231
8221.580078	10710.206483	1.000000	0.098359	2.743525	0.098359
8229.540039	10712.634748	1.000000	-0.030661	2.744025	-0.030661
8237.700195	10703.913515	1.000000	-0.196813	2.744974	-0.196813
8245.879883	10698.783378	1.000000	-0.008158	2.745133	-0.008158
8253.959961	10696.218310	1.000000	-0.179560	2.745470	-0.179560
8262.139648	10700.083013	1.000000	-0.108298	2.745995	-0.108298
8270.339844	10709.214657	1.000000	0.041725	2.746228	0.041725
8278.399414	10723.237032	1.000000	-0.080919	2.747092	-0.080919
8286.540039	10730.590228	1.000000	0.295641	2.748097	0.295641
8294.120117	10730.521827	1.000000	-0.263573	2.748529	-0.263573
8302.718750	10727.033333	1.000000	-0.107923	2.749430	-0.107923
8310.919922	10731.753059	1.000000	-0.076043	2.749977	-0.076043
8319.319336	10717.183470	1.000000	0.043226	2.750437	0.043226
8327.018555	10713.010958	1.000000	0.177872	2.750887	0.177872
8335.200195	10701.451049	1.000000	-0.155181	2.750509	-0.155181
8343.139648	10697.962556	1.000000	-0.275575	2.750924	-0.275575
8351.780273	10691.737990	1.000000	-0.013033	2.750831	-0.013033
8360.359375	10693.858447	1.000000	-0.209565	2.750430	-0.209565
8368.379883	10696.115707	1.000000	-0.360714	2.750291	-0.360714
8376.620117	10708.804246	1.000000	-0.649885	2.750647	-0.649885
8384.359375	10697.825752	1.000000	-0.196438	2.750770	-0.196438
8392.218750	10701.109040	1.000000	0.003469	2.751384	0.003469
8400.500000	10711.574520	1.000000	-0.293203	2.751334	-0.293203
8408.660156	10714.584200	1.000000	-0.544868	2.751697	-0.544868
8416.781250	10719.680137	1.000000	-0.266949	2.752094	-0.266949
8424.959961	10726.828128	1.000000	0.001219	2.752516	0.001219
8432.741211	10723.237032	1.000000	0.363902	2.752936	0.363902
8440.799805	10727.922557	1.000000	0.020722	2.752876	0.020722
8449.241211	10737.704019	1.000000	-0.362964	2.753551	-0.362964
8457.000000	10734.147124	1.000000	0.016971	2.754442	0.016971
8465.639648	10732.402877	1.000000	-0.096297	2.754486	-0.096297
8474.480469	10733.189498	1.000000	-0.634882	2.755460	-0.634882
8482.259766	10737.156804	1.000000	-0.305955	2.755931	-0.305955
8490.299805	10746.014841	1.000000	-0.489359	2.756020	-0.489359
8498.099609	10752.718221	1.000000	-0.133052	2.756295	-0.133052
8506.200195	10749.229727	1.000000	-0.228693	2.757013	-0.228693
8514.781250	10758.976988	1.000000	-0.289827	2.757613	-0.289827
8522.940430	10750.666166	1.000000	-0.030286	2.758473	-0.030286
8530.839844	10750.734568	1.000000	-0.435351	2.758570	-0.435351
8538.940430	10741.842329	1.000000	0.086733	2.758538	0.086733
8546.700195	10718.483105	1.000000	-0.429725	2.757967	-0.429725
8555.359375	10711.437716	1.000000	-0.247446	2.758156	-0.247446
8563.200195	10700.219816	1.000000	-0.147305	2.757844	-0.147305
8571.879883	10694.713469	1.000000	-0.465355	2.757501	-0.465355
8580.518555	10681.306711	1.000000	0.129114	2.757172	0.129114
8588.139648	10678.228629	1.000000	-0.071918	2.756359	-0.071918
8596.139648	10662.906621	1.000000	-0.473982	2.755035	-0.473982
8604.299805	10673.406301	1.000000	-0.091796	2.754627	-0.091796
8612.359375	10688.557305	1.000000	0.660574	2.754381	0.660574
8620.700195	10691.635387	1.000000	-0.390719	2.754123	-0.390719
8628.718750	10703.024291	1.000000	0.405908	2.754604	0.405908
8636.899414	10721.526986	1.000000	-0.154056	2.754667	-0.154056
8644.799805	10744.270594	1.000000	-0.132302	2.755537	-0.132302
8653.081055	10749.947946	1.000000	-0.182185	2.756329	-0.182185
8661.241211	10749.571736	1.000000	-0.346461	2.756681	-0.346461
8668.899414	10736.028174	1.000000	-0.221191	2.757329	-0.221191
8677.639648	10742.492147	1.000000	0.530428	2.757369	0.530428
8685.741211	10730.282420	1.000000	-0.319082	2.757970	-0.319082
8693.241211	10722.450411	1.000000	-0.692642	2.757855	-0.692642
8701.679688	10727.785753	1.000000	-0.062541	2.757799	-0.062541
8710.241211	10720.193150	1.000000	0.301267	2.758126	0.301267
8718.379883	10712.429543	1.000000	-0.345336	2.757457	-0.345336
8726.299805	10700.425022	1.000000	0.000844	2.757460	0.000844
8734.660156	10701.416848	1.000000	-0.536242	2.757366	-0.536242
8742.099609	10693.208629	1.000000	-0.522365	2.756755	-0.522365
8750.599609	10698.475570	1.000000	-0.079794	2.756388	-0.079794
8758.700195	10695.055478	1.000000	-0.326583	2.756064	-0.326583
8766.660156	10678.946848	1.000000	-0.457479	2.755721	-0.457479
8775.218750	10685.752830	1.000000	-0.145054	2.755620	-0.145054
8783.160156	10689.925342	1.000000	0.078481	2.754875	0.078481
8791.500000	10690.882967	1.000000	-0.382092	2.754865	-0.382092
8799.299805	10681.477716	1.000000	-0.302955	2.754070	-0.302955
8807.500000	10685.855433	1.000000	-0.372341	2.753566	-0.372341
8815.718750	10696.628721	1.000000	0.043601	2.753673	0.043601
8824.040039	10700.459223	1.000000	-0.369340	2.753703	-0.369340
8832.259766	10724.844475	1.000000	0.246883	2.754078	0.246883
8840.179688	10732.710685	1.000000	-0.786407	2.754696	-0.786407
8848.179688	10704.016118	1.000000	-0.517489	2.754335	-0.517489
8856.339844	10690.404154	1.000000	-0.036662	2.754083	-0.036662
8864.781250	10686.984063	1.000000	-0.378342	2.754258	-0.378342
8872.859375	10678.810045	1.000000	-0.135303	2.753628	-0.135303
8880.920898	10676.655387	1.000000	0.107736	2.753081	0.107736
8888.959961	10671.559451	1.000000	-0.101172	2.753125	-0.101172
8897.099609	10680.349086	1.000000	0.092358	2.752599	0.092358
8905.480469	10682.777351	1.000000	0.080732	2.752508	0.080732
8913.839844	10671.456849	1.000000	-0.580499	2.752464	-0.580499
8921.518555	10660.375753	1.000000	0.318519	2.751804	0.318519
8929.879883	10660.820365	1.000000	0.248383	2.751376	0.248383
8938.399414	10657.776484	1.000000	-0.146180	2.750897	-0.146180
8946.299805	10659.623333	1.000000	-0.047914	2.750219	-0.047914
8954.639648	10659.691735	1.000000	0.361276	2.750259	0.361276
8962.759766	10668.344566	1.000000	0.010220	2.749804	0.010220
8971.018555	10679.220456	1.000000	0.091233	2.750302	0.091233
8979.281250	10680.314885	1.000000	-0.200563	2.750344	-0.200563
8986.799805	10678.878447	1.000000	-0.640883	2.750023	-0.640883
8995.759766	10655.621826	1.000000	-0.113549	2.749098	-0.113549
9003.299805	10645.942968	1.000000	-0.299204	2.748640	-0.299204
9011.839844	10643.343699	1.000000	0.113737	2.748177	0.113737
9019.859375	10637.119133	1.000000	-0.052040	2.747513	-0.052040
9027.859375	10651.654521	1.000000	-0.269199	2.747438	-0.269199
9036.558594	10665.471689	1.000000	-0.123676	2.747616	-0.123676
9044.500000	10677.510410	1.000000	-0.251946	2.747273	-0.251946
9052.639648	10675.184748	1.000000	-0.103423	2.747347	-0.103423
9060.819336	10665.711095	1.000000	-0.331459	2.747496	-0.331459
9068.599609	10654.253790	1.000000	-0.000281	2.747523	-0.000281
9076.639648	10651.175708	1.000000	0.070605	2.746999	0.070605
9085.399414	10645.464156	1.000000	-0.260198	2.746582	-0.260198
9093.500000	10651.073105	1.000000	-0.597752	2.746667	-0.597752
9101.599609	10680.178081	1.000000	-0.411347	2.746794	-0.411347
9109.700195	10677.168401	1.000000	-0.193812	2.747193	-0.193812
9118.121094	10680.588492	1.000000	0.310643	2.747526	0.310643
9126.281250	10664.035251	1.000000	0.049602	2.747444	0.049602
9134.399414	10655.621826	1.000000	-0.069667	2.747661	-0.069667
9142.139648	10646.113973	1.000000	-0.036287	2.747068	-0.036287
9150.359375	10629.492330	1.000000	-0.300704	2.746494	-0.300704
9158.440430	10626.038038	1.000000	0.209752	2.745944	0.209752
9166.299805	10619.539865	1.000000	0.624568	2.745000	0.624568
9174.980469	10610.442423	1.000000	-0.358838	2.744857	-0.358838
9183.040039	10612.904889	1.000000	0.318519	2.744112	0.318519
9191.121094	10616.427583	1.000000	0.192874	2.743945	0.192874
9199.339844	10637.529544	1.000000	-0.315707	2.743848	-0.315707
9207.359375	10644.540731	1.000000	-0.130802	2.743396	-0.130802
9215.621094	10630.552559	1.000000	0.285139	2.742972	0.285139
9223.700195	10624.841007	1.000000	-0.604128	2.742947	-0.604128
9231.959961	10631.920595	1.000000	0.174497	2.742524	0.174497
9239.980469	10642.420275	1.000000	-0.368590	2.742902	-0.368590
9248.160156	10654.595799	1.000000	0.267511	2.742984	0.267511
9256.781250	10645.977169	1.000000	-0.044913	2.743373	-0.044913
9264.500000	10656.853059	1.000000	0.151618	2.743798	0.151618
9272.281250	10645.874567	1.000000	0.121613	2.743097	0.121613
9280.741211	10640.163014	1.000000	0.445665	2.743439	0.445665
9288.980469	10635.545892	1.000000	-0.377591	2.742891	-0.377591
9297.040039	10624.464797	1.000000	0.207877	2.743017	0.207877
9304.799805	10616.393382	1.000000	-0.059541	2.742431	-0.059541
9313.599609	10616.188176	1.000000	0.075481	2.742238	0.075481
9321.700195	10624.327993	1.000000	-0.198688	2.741741	-0.198688
9329.781250	10622.959956	1.000000	-0.164557	2.741982	-0.164557
9337.839844	10615.333154	1.000000	0.052227	2.741337	0.052227
9346.241211	10611.331647	1.000000	0.052602	2.741217	0.052602
9354.139648	10602.302607	1.000000	-0.266574	2.740749	-0.266574
9362.399414	10606.406716	1.000000	0.123113	2.740523	0.123113
9370.959961	10605.072881	1.000000	0.444540	2.740509	0.444540
9379.058594	10599.532333	1.000000	0.372153	2.739916	0.372153
9386.581055	10615.982971	1.000000	-0.364089	2.739917	-0.364089
9394.959961	10612.049866	1.000000	0.213128	2.739792	0.213128
9403.058594	10632.262604	1.000000	0.584062	2.739739	0.584062
9411.099609	10646.182375	1.000000	-0.064041	2.740272	-0.064041
9419.420898	10664.035251	1.000000	0.751338	2.740724	0.751338
9427.440430	10671.525250	1.000000	0.130615	2.741358	0.130615
9435.899414	10700.767031	1.000000	-0.275575	2.742291	-0.275575
9444.099609	10702.648081	1.000000	0.296391	2.743968	0.296391
9452.000000	10723.784246	1.000000	0.247633	2.745184	0.247633
9460.018555	10724.331461	1.000000	0.560433	2.746497	0.560433
9467.980469	10697.928355	1.000000	-0.128552	2.747314	-0.128552
9476.518555	10696.320912	1.000000	0.423536	2.747747	0.423536
9484.741211	10716.773059	1.000000	0.392031	2.749034	0.392031
9492.741211	10721.390182	1.000000	0.038725	2.749663	0.038725
9501.058594	10723.202831	1.000000	0.509800	2.750852	0.509800
9509.259766	10732.642283	1.000000	0.418660	2.751320	0.418660
9517.339844	10744.167992	1.000000	0.236006	2.752403	0.236006
9525.420898	10753.299636	1.000000	0.096109	2.753912	0.096109
9533.379883	10726.964931	1.000000	0.453916	2.754151	0.453916
9541.581055	10744.783608	1.000000	-0.116925	2.755253	-0.116925
9549.819336	10744.270594	1.000000	0.245008	2.755838	0.245008
9558.000000	10750.187353	1.000000	0.542430	2.756483	0.542430
9566.480469	10741.363517	1.000000	0.192499	2.757294	0.192499
9574.319336	10733.702512	1.000000	-0.145429	2.757627	-0.145429
9582.599609	10726.725525	1.000000	-0.181810	2.757826	-0.181810
9590.420898	10729.119589	1.000000	0.783969	2.758376	0.783969
9598.819336	10735.583562	1.000000	0.363902	2.758477	0.363902
9607.139648	10738.148631	1.000000	0.650822	2.759212	0.650822
9615.299805	10732.881690	1.000000	-0.009658	2.759001	-0.009658
9623.160156	10725.425890	1.000000	-0.310081	2.759466	-0.310081
9631.581055	10722.074201	1.000000	0.093109	2.759331	0.093109
9639.759766	10707.846620	1.000000	-0.175059	2.758977	-0.175059
9647.959961	10710.958903	1.000000	-0.136803	2.759145	-0.136803
9656.099609	10698.407168	1.000000	0.118988	2.758409	0.118988
9664.218750	10702.237670	1.000000	0.353025	2.758238	0.353025
9672.139648	10699.569999	1.000000	-0.065167	2.757781	-0.065167
9680.339844	10714.378995	1.000000	0.561183	2.757954	0.561183
9688.621094	10705.247351	1.000000	0.950495	2.758021	0.950495
9696.859375	10707.709817	1.000000	0.410409	2.757425	0.410409
9705.099609	10721.561187	1.000000	-0.020535	2.757911	-0.020535
9713.420898	10735.651964	1.000000	0.132865	2.758023	0.132865
9721.379883	10755.693700	1.000000	-0.134553	2.758911	-0.134553
9729.679688	10754.120458	1.000000	-0.179185	2.759499	-0.179185
9737.859375	10763.559911	1.000000	0.027098	2.760253	0.027098
9745.420898	10763.320505	1.000000	-0.020535	2.761006	-0.020535
9753.959961	10769.271464	1.000000	-0.110174	2.761697	-0.110174
9761.839844	10779.497538	1.000000	0.301267	2.762056	0.301267
9770.081055	10781.275986	1.000000	0.045851	2.763391	0.045851
9778.040039	10755.009682	1.000000	0.033849	2.763683	0.033849
9786.339844	10731.616256	1.000000	0.316644	2.763090	0.316644
9794.420898	10734.454932	1.000000	-0.095922	2.763394	-0.095922
9802.660156	10746.117444	1.000000	0.041725	2.763478	0.041725
9811.179688	10724.536666	1.000000	-0.224942	2.763258	-0.224942
9818.759766	10722.484612	1.000000	0.131740	2.762857	0.131740
9827.480469	10694.234657	1.000000	0.043976	2.762025	0.043976
9835.480469	10689.275524	1.000000	0.088608	2.761620	0.088608
9843.259766	10692.832419	1.000000	0.365777	2.760576	0.365777
9851.459961	10683.700775	1.000000	0.505674	2.759927	0.505674
9859.741211	10679.972876	1.000000	0.207127	2.759172	0.207127
9868.218750	10683.050958	1.000000	-0.295078	2.758263	-0.295078
9876.179688	10678.912648	1.000000	-0.327708	2.758013	-0.327708
9884.319336	10682.366940	1.000000	-0.289827	2.757242	-0.289827
9892.058594	10676.279177	1.000000	-0.095922	2.756694	-0.095922
9900.581055	10679.870273	1.000000	0.137366	2.756548	0.137366
9908.700195	10670.704429	1.000000	0.171496	2.755790	0.171496
9916.741211	10664.103652	1.000000	0.107736	2.755672	0.107736
9925.000000	10659.965342	1.000000	0.458042	2.754609	0.458042
9933.000000	10670.978036	1.000000	0.050727	2.754359	0.050727
9941.280273	10668.276164	1.000000	-0.098172	2.753990	-0.098172
9949.540039	10670.601826	1.000000	0.059353	2.753431	0.059353
9957.718750	10674.603333	1.000000	0.202626	2.753667	0.202626
9966.000000	10674.808538	1.000000	0.267511	2.753070	0.267511
9974.339844	10673.372100	1.000000	0.067980	2.753202	0.067980
9982.639648	10640.163014	1.000000	0.251009	2.752359	0.251009
9990.359375	10612.699683	1.000000	-0.128927	2.750825	-0.128927
9998.558594	10616.393382	1.000000	-0.095922	2.750063	-0.095922
10006.339844	10624.156988	1.000000	0.109236	2.749490	0.109236
